Cpptraj Generated trajectory                                                    
  95.763  54.403  66.647  94.912  54.945  66.587  96.539  55.002  66.890  95.613
  53.699  67.356  96.041  53.742  65.361  97.014  54.052  64.980  96.041  52.226
  65.548  96.559  51.981  66.476  95.012  51.873  65.614  96.752  51.507  64.407
  96.585  50.439  64.544  96.317  51.820  63.457  98.544  51.767  64.368  99.037
  50.749  65.791  98.744  49.712  65.626 100.119  50.799  65.914  98.558  51.111
  66.701  94.994  54.158  64.356  93.816  54.100  64.665  95.407  54.591  63.173
  96.388  54.650  62.940  94.472  55.016  62.133  93.459  54.721  62.406  94.530
  56.540  62.011  94.691  56.950  63.008  95.369  56.814  61.370  93.247  57.126
  61.427  93.251  56.996  60.345  92.417  56.555  61.842  93.066  58.603  61.803
  93.085  58.898  63.015  92.886  59.433  60.879  94.820  54.352  60.808  95.986
  54.058  60.548  93.835  54.136  59.948  92.894  54.394  60.212  94.033  53.432
  58.690  95.102  53.327  58.505  93.397  52.043  58.742  92.314  52.152  58.781
  93.654  51.522  57.820  93.855  51.218  59.923  93.350  51.507  61.205  92.609
  52.283  61.331  93.829  50.819  62.329  93.457  51.054  63.315  94.803  49.818
  62.157  95.235  49.121  63.232  94.859  49.461  64.048  95.310  49.523  60.875
  96.069  48.761  60.773  94.828  50.217  59.752  95.221  49.995  58.770  93.485
  54.222  57.533  92.735  55.165  57.714  93.865  53.835  56.323  94.486  53.042
  56.248  93.368  54.445  55.096  92.600  55.176  55.348  94.529  55.168  54.426
  95.058  55.747  55.185  95.204  54.425  54.002  94.058  56.123  53.331  93.465
  55.581  52.594  93.449  56.916  53.766  95.231  56.749  52.592  95.783  55.971
  52.063  94.776  57.423  51.867  96.133  57.516  53.475  95.826  58.454  53.686
  97.291  57.096  53.964  97.736  55.891  53.705  97.155  55.328  53.100  98.612
  55.562  54.087  98.006  57.850  54.759  97.676  58.788  54.937  98.909  57.554
  55.099  92.734  53.395  54.200  93.127  52.233  54.247  91.812  53.817  53.349
  91.540  54.789  53.388  91.157  52.975  52.365  91.904  52.302  51.942  90.060
  52.177  53.085  90.518  51.680  53.940  89.317  52.883  53.456  89.346  51.115
  52.236  88.870  51.572  51.369  90.339  50.062  51.765  90.826  49.583  52.615
  89.808  49.309  51.183  91.094  50.511  51.119  88.274  50.426  53.078  87.536
  51.161  53.400  87.776  49.664  52.478  88.725  49.958  53.953  90.589  53.828
  51.243  89.986  54.864  51.488  90.791  53.419  49.998  91.254  52.535  49.841
  90.209  54.121  48.858  90.237  55.195  49.046  91.010  53.802  47.602  91.256
  52.741  47.629  90.388  54.002  46.729  92.287  54.648  47.497  92.012  55.690
  47.332  92.859  54.584  48.423  93.165  54.183  46.331  92.580  54.205  45.412
  94.010  54.865  46.242  93.669  52.760  46.589  94.059  52.703  47.605  92.829
  52.067  46.537  94.707  52.348  45.627  95.512  52.954  45.705  94.979  51.403
  45.861  94.334  52.348  44.689  88.746  53.730  48.693  88.414  52.554  48.589
  87.887  54.731  48.636  88.249  55.674  48.652  86.462  54.582  48.407  86.200
  53.538  48.235  85.719  55.126  49.625  86.002  56.165  49.792  84.644  55.062
  49.453  85.997  54.544  50.504  86.082  55.314  47.142  86.729  56.288  46.796
  85.043  54.859  46.460  84.597  54.006  46.765  84.544  55.485  45.247  84.931
  56.502  45.183  84.993  54.708  44.009  84.321  53.856  43.906  84.853  55.353
  43.142  86.426  54.195  44.028  86.704  52.906  44.524  85.892  52.301  44.900
  88.026  52.419  44.549  88.232  51.434  44.942  89.081  53.239  44.085  90.365
  52.789  44.106  90.412  51.899  44.463  88.804  54.534  43.597  89.608  55.157
  43.234  87.478  55.004  43.562  87.271  55.983  43.154  83.029  55.548  45.310
  82.395  54.644  45.853  82.442  56.615  44.776  82.998  57.322  44.316  80.988
  56.715  44.715  80.586  56.477  45.700  80.589  58.146  44.362  81.061  58.402
  43.414  79.509  58.184  44.220  80.971  59.168  45.415  80.393  59.117  46.700
  79.670  58.347  46.927  80.742  60.069  47.679  80.295  60.037  48.662  81.665
  61.089  47.369  81.911  62.058  48.291  81.595  61.861  49.175  82.245  61.130
  46.080  82.961  61.899  45.827  81.897  60.178  45.108  82.340  60.237  44.125
  80.389  55.708  43.727  81.100  55.120  42.914  79.074  55.514  43.813  78.551
  56.019  44.514  78.307  54.670  42.902  78.766  54.715  41.914  78.358  53.211
  43.373  77.968  52.573  42.580  79.401  52.945  43.548  77.556  52.939  44.649
  78.003  53.484  45.481  76.525  53.267  44.512  77.552  51.439  44.950  76.883
  50.940  44.249  78.556  51.039  44.807  77.118  51.159  46.325  77.848  51.019
  47.008  75.867  51.129  46.738  74.888  51.375  45.914  75.069  51.528  44.932
  73.929  51.266  46.213  75.606  50.901  47.993  76.352  50.867  48.673  74.657
  50.946  48.335  76.884  55.189  42.771  76.361  55.788  43.712  76.234  54.893
  41.665  76.719  54.415  40.919  74.867  55.300  41.388  74.389  55.542  42.337
  74.855  56.524  40.454  75.821  56.613  39.956  74.104  56.392  39.675  74.516
  57.825  41.179  75.393  58.107  41.762  74.342  58.586  40.417  73.291  57.699
  42.113  72.328  56.985  41.772  73.357  58.137  43.289  74.050  54.162  40.803
  73.329  53.502  41.554  74.181  53.948  39.493  74.849  54.501  38.976  73.420
  52.951  38.776  72.422  52.894  39.209  73.354  53.218  37.721  74.055  51.585
  38.880  73.330  50.614  38.904  75.378  51.475  38.991  75.914  52.331  38.997
  76.100  50.214  39.108  75.987  49.701  38.152  77.607  50.419  39.321  77.996
  49.499  39.759  78.094  50.572  38.358  77.976  51.567  40.258  77.204  51.621
  41.025  78.924  51.329  40.742  78.123  52.914  39.537  77.094  53.603  39.353
  79.268  53.284  39.221  75.512  49.297  40.189  75.495  49.583  41.392  75.051
  48.141  39.713  75.020  48.044  38.708  74.320  47.157  40.499  73.502  47.679
  40.995  73.725  46.069  39.592  74.455  45.802  38.827  73.524  45.187  40.199
  72.406  46.472  38.920  72.047  45.627  38.333  71.668  46.704  39.688  72.564
  47.683  38.000  73.018  48.495  38.569  73.200  47.423  37.153  71.226  48.205
  37.500  70.606  48.482  38.352  71.405  49.111  36.922  70.541  47.207  36.662
  70.340  46.336  37.132  69.690  47.601  36.286  71.084  46.987  35.839  75.243
  46.538  41.541  76.395  46.209  41.237  74.730  46.257  42.745  73.439  46.683
  43.267  72.674  45.954  42.997  73.149  47.677  42.925  73.634  46.719  44.774
  72.693  46.618  45.314  74.161  47.634  45.047  74.555  45.527  44.981  73.965
  44.617  44.876  75.069  45.559  45.941  75.520  45.651  43.804  76.335  46.329
  44.061  76.102  44.299  43.413  77.295  44.072  43.573  75.298  43.387  42.871
  74.325  43.610  42.720  75.768  42.062  42.457  76.186  41.544  43.320  74.601
  41.246  41.917  74.974  40.291  41.548  73.875  41.072  42.711  73.992  41.975
  40.877  73.336  41.416  40.454  76.862  42.140  41.397  77.791  41.340  41.467
  76.818  43.126  40.497  76.054  43.784  40.550  77.858  43.352  39.499  78.065
  42.416  38.980  77.370  44.392  38.490  77.167  45.338  38.991  78.154  44.560
  37.751  76.468  44.040  37.989  79.152  43.827  40.160  80.228  43.306  39.881
  79.035  44.752  41.112  78.115  45.125  41.300  80.163  45.258  41.878  80.889
  45.671  41.178  79.677  46.324  42.870  78.789  45.948  43.379  80.459  46.461
  43.617  79.345  47.690  42.255  78.623  47.579  41.446  78.756  48.597  43.337
  79.468  48.732  44.151  78.518  49.563  42.892  77.832  48.161  43.718  80.619
  48.339  41.719  81.036  47.731  40.917  80.380  49.320  41.308  81.350  48.450
  42.520  80.858  44.136  42.645  82.069  43.966  42.521  80.094  43.332  43.392
  79.106  43.539  43.433  80.621  42.190  44.148  81.339  42.533  44.893  79.498
  41.435  44.855  78.788  41.071  44.112  79.949  40.581  45.362  78.759  42.284
  45.890  79.476  42.852  46.483  78.086  42.978  45.386  77.939  41.385  46.818
  77.322  40.708  46.228  78.617  40.791  47.432  77.064  42.184  47.680  77.297
  42.270  48.659  75.968  42.812  47.310  75.582  42.770  46.066  76.124  42.242
  45.397  74.690  43.186  45.842  75.291  43.522  48.159  75.556  43.540  49.133
  74.401  43.935  47.919  81.366  41.235  43.236  82.447  40.766  43.593  80.777
  40.942  42.076  79.875  41.359  41.899  81.356  40.100  41.029  81.541  39.110
  41.445  80.351  40.015  39.874  79.342  40.143  40.268  80.544  40.824  39.170
  80.398  38.687  39.110  81.052  38.784  38.243  80.766  37.894  39.761  78.993
  38.305  38.649  79.024  37.384  38.066  78.399  38.120  39.544  78.369  39.367
  37.845  78.954  39.931  37.246  77.093  39.673  37.886  76.274  39.013  38.665
  76.583  38.241  39.238  75.299  39.270  38.613  76.653  40.647  37.143  77.232
  41.185  36.514  75.660  40.827  37.190  82.677  40.673  40.524  83.625  39.924
  40.313  82.761  41.997  40.418  81.937  42.541  40.628  83.953  42.735  40.029
  84.456  42.145  39.263  83.539  44.076  39.417  83.049  44.692  40.170  84.431
  44.592  39.063  82.865  43.915  38.576  84.948  42.938  41.186  85.805  43.825
  41.125  84.838  42.148  42.257  84.118  41.439  42.265  85.742  42.214  43.401
  85.590  41.323  44.009  86.762  42.225  43.015  85.558  43.446  44.296  86.341
  43.675  45.216  84.532  44.263  44.056  83.895  44.028  43.308  84.209  45.437
  44.865  85.094  45.737  45.427  83.762  46.584  43.951  82.841  46.301  43.442
  83.549  47.450  44.579  84.819  46.949  42.895  84.916  46.129  42.182  84.478
  47.826  42.346  86.182  47.235  43.544  86.079  48.090  44.211  86.511  46.369
  44.120  87.259  47.498  42.499  87.390  46.584  41.919  86.927  48.292  41.830
  88.543  47.865  43.134  88.857  47.116  43.734  89.258  48.016  42.438  88.449
  48.694  43.704  83.168  45.121  45.918  82.338  44.246  45.745  83.189  45.845
  47.017  83.912  46.544  47.111  82.251  45.698  48.114  81.678  44.782  47.969
  83.025  45.555  49.428  83.555  44.604  49.393  83.752  46.365  49.497  82.132
  45.601  50.683  81.607  46.554  50.743  81.113  44.465  50.649  81.632  43.508
  50.586  80.510  44.498  51.556  80.449  44.575  49.792  82.996  45.466  51.932
  83.697  46.300  51.977  82.367  45.495  52.821  83.552  44.529  51.910  81.311
  46.894  48.136  81.768  48.012  48.396  80.014  46.690  47.868  79.336  45.479
  47.433  78.975  44.919  48.296  79.974  44.847  46.815  78.146  45.993  46.637
  77.342  45.259  46.582  78.486  46.292  45.646  77.740  47.219  47.459  77.146
  46.881  48.308  77.194  47.961  46.875  79.071  47.779  47.960  79.420  48.588
  47.319  78.983  48.268  49.400  79.255  47.540  50.347  78.565  49.504  49.584
  78.434  50.127  48.799  78.440  50.056  50.916  77.748  49.452  51.502  79.408
  50.034  51.416  77.940  51.478  50.859  77.502  51.957  49.807  77.971  52.153
  51.991  78.266  51.679  52.833  77.601  53.549  52.079  78.056  54.073  51.238
  76.077  53.687  51.933  75.902  54.422  51.148  75.645  52.744  51.597  75.325
  54.123  53.192  75.848  54.924  53.714  73.987  54.684  52.787  73.396  53.923
  52.278  73.480  55.033  53.686  74.145  55.531  52.120  75.153  52.940  54.124
  76.140  52.613  54.453  74.544  53.259  54.970  74.634  52.102  53.659  78.162
  54.200  53.332  78.393  53.567  54.351  78.339  55.500  53.246  78.074  55.961
  52.387  78.782  56.332  54.348  78.911  55.696  55.224  80.110  57.008  53.987
  80.287  57.822  54.690  80.930  56.293  54.044  80.119  57.566  52.564  79.915
  56.749  51.873  79.323  58.305  52.467  81.704  58.299  52.091  81.139  59.955
  51.639  80.692  60.427  52.514  81.988  60.553  51.306  80.410  59.890  50.832
  77.721  57.369  54.668  77.048  57.856  53.758  77.607  57.741  55.934  78.198
  57.311  56.630  76.621  58.702  56.396  76.558  59.519  55.676  75.226  58.075
  56.420  74.526  58.802  56.832  74.921  57.891  55.390  75.140  56.793  57.215
  75.357  56.805  58.609  75.523  57.734  59.134  75.377  55.603  59.333  75.557
  55.590  60.398  75.135  54.394  58.668  75.188  53.237  59.356  75.537  53.336
  60.245  74.872  54.380  57.294  74.661  53.411  56.867  74.882  55.581  56.554
  74.688  55.581  55.491  76.983  59.259  57.770  77.846  58.746  58.482  76.273
  60.303  58.144  75.571  60.624  57.493  76.183  60.902  59.459  75.959  60.141
  60.206  77.519  61.604  59.784  77.483  62.009  60.796  78.310  60.856  59.743
  77.885  62.734  58.842  77.088  63.562  58.505  79.087  62.836  58.357  79.283
  63.550  57.670  79.736  62.121  58.652  74.976  61.840  59.410  74.289  61.902
  58.390  74.732  62.617  60.465  75.309  62.525  61.288  73.617  63.573  60.470
  72.689  63.006  60.392  73.615  64.326  61.790  72.650  64.828  61.852  73.710
  63.621  62.616  74.739  65.370  61.901  75.706  64.876  61.818  74.650  66.123
  61.118  74.675  66.054  63.257  75.094  65.323  63.948  75.279  66.962  63.237
  73.308  66.393  63.676  72.757  66.954  63.042  72.700  65.873  64.724  73.288
  65.062  65.570  74.266  64.858  65.416  72.817  64.671  66.373  71.469  66.220
  64.922  70.913  66.738  64.256  70.990  65.773  65.691  73.583  64.568  59.297
  72.598  65.276  59.142  74.662  64.661  58.530  75.416  64.020  58.734  74.835
  65.550  57.393  73.996  66.246  57.386  76.150  66.329  57.541  77.017  65.676
  57.639  76.294  66.911  56.630  76.093  67.277  58.698  75.133  68.276  58.781
  75.393  68.944  59.904  74.812  69.792  60.235  76.460  68.415  60.530  76.866
  68.754  61.390  76.921  67.353  59.784  77.766  66.726  60.023  74.801  64.882
  56.032  74.197  65.430  55.115  75.476  63.750  55.855  75.981  63.354  56.634
  75.578  63.125  54.542  74.894  63.628  53.859  76.992  63.331  53.980  77.046
  62.849  53.004  77.128  64.403  53.835  78.129  62.797  54.865  77.917  62.958
  55.922  78.287  61.310  54.616  78.582  61.117  53.585  79.001  60.919  55.342
  77.314  60.839  54.759  79.436  63.508  54.529  79.315  64.575  54.716  80.246
  63.127  55.151  79.680  63.357  53.477  75.099  61.689  54.522  74.950  61.038
  55.548  74.934  61.193  53.305  75.112  61.807  52.523  74.591  59.822  52.987
  75.180  59.136  53.596  73.100  59.596  53.241  72.845  59.960  54.236  72.523
  60.145  52.497  72.726  58.134  53.139  72.808  57.523  52.085  72.310  57.553
  54.239  72.069  56.572  54.218  72.246  58.060  55.110  74.892  59.658  51.508
  74.317  60.364  50.677  75.857  58.817  51.165  76.326  58.296  51.891  76.271
  58.617  49.784  75.445  58.884  49.124  77.487  59.491  49.471  78.293  59.225
  50.155  77.820  59.255  48.460  77.208  61.003  49.588  76.733  61.236  50.541
  78.160  61.534  49.585  76.323  61.518  48.438  75.324  61.089  48.520  76.216
  62.600  48.520  76.893  61.182  47.120  76.401  60.492  46.571  77.982  61.724
  46.601  78.651  62.648  47.245  78.278  62.996  48.117  79.471  63.076  46.841
  78.429  61.307  45.448  77.959  60.563  44.952  79.277  61.705  45.072  76.575
  57.155  49.587  77.245  56.544  50.420  76.095  56.602  48.477  75.578  57.167
  47.819  76.411  55.227  48.120  76.323  54.602  49.008  75.449  54.705  47.062
  75.649  55.219  46.122  75.646  53.639  46.941  73.985  54.923  47.464  73.854
  54.675  48.517  73.730  55.973  47.324  73.038  54.065  46.621  73.282  53.016
  46.784  72.011  54.230  46.948  73.125  54.404  45.131  74.155  54.291  44.791
  72.512  53.694  44.576  72.655  55.784  44.871  73.238  56.473  45.324  72.707
  56.013  43.889  71.690  55.902  45.148  77.842  55.181  47.619  78.231  56.002
  46.786  78.618  54.236  48.124  78.241  53.592  48.804  80.027  54.080  47.766
  80.187  54.532  46.788  80.967  54.777  48.783  81.944  54.921  48.321  80.452
  56.159  49.197  79.485  56.060  49.689  81.152  56.625  49.892  80.354  56.790
  48.314  81.176  53.919  50.038  81.643  52.969  49.778  81.854  54.422  50.728
  80.215  53.721  50.514  80.351  52.601  47.629  79.514  51.723  47.861  81.590
  52.317  47.281  82.225  53.076  47.078  82.140  50.984  47.255  81.699  50.412
  48.071  81.771  50.328  45.923  81.846  49.247  46.040  80.728  50.560  45.708
  82.622  50.755  44.740  83.844  50.105  44.473  84.185  49.331  45.144  84.625
  50.480  43.360  85.569  49.995  43.157  84.181  51.514  42.508  84.944  51.890
  41.444  85.750  51.378  41.350  82.962  52.170  42.786  82.642  52.992  42.163
  82.198  51.805  43.910  81.292  52.346  44.139  83.648  51.052  47.463  84.275
  52.100  47.285  84.229  49.918  47.823  83.646  49.105  47.957  85.661  49.762
  48.094  86.220  50.504  47.524  85.973  49.943  49.592  87.051  49.863  49.728
  85.528  51.321  50.094  84.452  51.446  49.968  85.775  51.440  51.149  86.056
  52.082  49.520  85.298  48.855  50.435  85.666  47.875  50.130  85.538  48.995
  51.489  84.217  48.886  50.295  86.101  48.388  47.628  85.278  47.488  47.511
  87.370  48.198  47.306  88.046  48.927  47.477  87.860  46.855  47.006  87.237
  46.426  46.221  89.289  46.960  46.493  89.291  47.499  45.545  89.863  47.536
  47.219  89.918  45.592  46.275  90.487  45.043  47.235  89.800  45.121  45.125
  87.758  45.940  48.235  88.155  46.316  49.340  87.195  44.745  48.045  86.858
  44.492  47.127  87.013  43.802  49.141  86.425  44.300  49.912  86.270  42.566
  48.624  85.349  42.890  48.139  86.904  42.075  47.884  85.940  41.554  49.736
  86.836  41.285  50.296  84.887  42.147  50.671  83.990  42.414  50.112  84.650
  41.433  51.459  85.297  43.034  51.154  85.366  40.286  49.106  86.122  39.840
  48.460  85.141  39.576  49.902  84.479  40.540  48.525  88.330  43.392  49.796
  88.398  43.356  51.017  89.366  43.096  49.013  89.286  43.227  48.015  90.669
  42.709  49.561  90.515  41.845  50.207  91.668  42.338  48.450  91.877  43.195
  47.809  92.997  41.896  49.077  92.818  41.047  49.736  93.711  41.636  48.295
  93.417  42.713  49.663  91.114  41.206  47.580  90.197  41.537  47.094  91.834
  40.957  46.800  90.900  40.334  48.199  91.264  43.815  50.422  91.769  43.544
  51.512  91.228  45.055  49.944  90.797  45.199  49.042  91.726  46.213  50.663
  92.798  46.102  50.828  91.452  47.511  49.903  90.381  47.587  49.717  91.764
  48.314  50.571  92.202  47.705  48.588  93.249  47.445  48.743  91.804  47.015
  47.845  92.064  49.167  48.098  90.920  49.642  47.907  93.098  49.857  47.910
  90.998  46.320  51.996  91.630  46.361  53.046  89.666  46.316  51.949  89.229
  46.250  51.042  88.812  46.396  53.117  89.021  47.332  53.634  87.339  46.363
  52.712  87.129  47.226  52.080  87.135  45.455  52.145  86.424  46.387  53.914
  86.176  47.608  54.562  86.607  48.518  54.173  85.379  47.639  55.718  85.190
  48.578  56.216  84.831  46.447  56.226  84.226  46.469  57.120  85.081  45.224
  55.579  84.673  44.305  55.973  85.878  45.193  54.424  86.085  44.249  53.941
  89.101  45.270  54.089  89.415  45.556  55.231  89.066  44.015  53.658  88.798
  43.838  52.701  89.354  42.871  54.516  88.585  42.809  55.285  89.363  41.585
  53.679  89.843  41.777  52.719  89.974  40.849  54.202  87.965  40.991  53.470
  87.119  41.151  54.376  87.761  40.301  52.446  90.700  43.038  55.217  90.821
  42.812  56.422  91.714  43.513  54.490  91.531  43.717  53.518  93.030  43.810
  55.040  93.394  42.891  55.500  93.956  44.234  53.892  93.814  43.550  53.056
  93.698  45.242  53.566  95.430  44.222  54.299  95.607  45.014  55.026  95.669
  43.258  54.749  96.316  44.447  53.067  96.113  43.661  52.340  96.069  45.414
  52.627  97.797  44.415  53.454  97.968  45.168  54.223  98.017  43.437  53.883
  98.683  44.670  52.293  98.501  45.584  51.904  99.654  44.640  52.570  98.558
  43.963  51.583  92.940  44.881  56.129  93.467  44.679  57.220  92.303  46.013
  55.840  91.911  46.092  54.913  92.155  47.157  56.747  93.138  47.413  57.144
  91.590  48.376  55.994  90.640  48.118  55.528  91.356  49.533  56.971  92.295
  49.777  57.467  90.962  50.401  56.442  90.627  49.250  57.731  92.564  48.843
  54.907  92.715  48.060  54.164  92.148  49.716  54.404  93.529  49.096  55.347
  91.267  46.849  57.949  91.663  47.083  59.087  90.068  46.329  57.720  89.811
  46.138  56.762  89.079  46.020  58.742  88.842  46.933  59.288  87.814  45.471
  58.079  87.483  46.143  57.287  88.044  44.504  57.631  86.677  45.286  59.054
  86.131  46.406  59.698  86.534  47.390  59.508  85.066  46.244  60.597  84.652
  47.109  61.095  84.549  44.965  60.857  83.725  44.853  61.546  85.106  43.840
  60.223  84.714  42.853  60.422  86.174  44.001  59.323  86.606  43.142  58.832
  89.597  44.982  59.726  89.264  45.023  60.903  90.476  44.083  59.282  90.721
  44.102  58.302  91.122  43.107  60.157  90.348  42.510  60.639  92.004  42.216
  59.284  91.362  41.686  58.581  92.688  42.855  58.726  92.819  41.185  60.070
  93.436  41.678  60.822  92.148  40.475  60.553  93.733  40.463  59.085  93.113
  39.865  58.417  94.265  41.213  58.499  94.721  39.602  59.755  94.679  39.551
  60.763  95.640  38.884  59.125  95.753  38.918  57.818  95.064  39.441  57.297
  96.398  38.312  57.331  96.477  38.146  59.803  96.418  38.105  60.811  97.154
  37.564  59.331  91.930  43.785  61.262  92.153  43.170  62.298  92.407  45.003
  61.021  92.156  45.454  60.152  93.179  45.769  61.991  93.565  45.099  62.759
  94.351  46.447  61.285  93.956  47.179  60.580  94.938  46.959  62.047  95.276
  45.498  60.518  94.733  45.072  59.674  96.116  46.071  60.127  95.816  44.372
  61.384  96.437  44.570  62.412  95.621  43.136  60.968  95.945  42.413  61.594
  95.069  42.988  60.135  92.345  46.833  62.697  92.525  47.057  63.890  91.442
  47.493  61.969  91.374  47.299  60.980  90.636  48.568  62.522  91.236  49.086
  63.270  90.298  49.563  61.419  89.684  49.079  60.659  89.740  50.389  61.859
  91.218  49.945  60.976  89.364  48.070  63.205  88.994  48.599  64.254  88.705
  47.051  62.643  89.041  46.652  61.778  87.422  46.569  63.137  87.004  45.842
  62.440  87.659  45.857  64.474  88.435  45.100  64.355  88.002  46.594  65.200
  86.470  45.258  64.950  86.654  44.904  65.823  86.475  47.770  63.213  86.428
  48.583  62.289  85.780  47.937  64.329  85.859  47.227  65.043  84.960  49.109
  64.617  84.889  49.706  63.708  83.549  48.664  65.024  82.948  49.562  65.167
  82.909  47.814  63.915  83.486  46.902  63.762  81.886  47.562  64.192  82.899
  48.378  62.982  83.605  47.878  66.348  84.079  46.913  66.166  84.205  48.422
  67.077  82.230  47.649  66.973  81.597  47.069  66.302  82.358  47.095  67.904
  81.763  48.611  67.184  85.585  50.022  65.676  84.887  50.878  66.217  86.863
  49.812  66.004  87.383  49.094  65.520  87.524  50.513  67.105  86.764  51.019
  67.700  88.247  49.499  68.002  89.106  49.089  67.472  88.595  50.041  68.881
  87.350  48.380  68.466  86.174  48.608  69.146  85.634  47.431  69.436  84.712
  47.310  69.986  86.403  46.453  68.937  86.226  45.469  69.083  87.503  47.027
  68.325  88.330  46.506  67.865  88.482  51.611  66.669  88.762  52.507  67.456
  88.965  51.568  65.426  88.673  50.817  64.816  89.933  52.532  64.912  90.192
  53.235  65.704  91.208  51.803  64.489  90.990  51.153  63.642  91.922  52.558
  64.163  91.860  51.018  65.600  92.543  51.622  66.644  92.950  50.636  67.451
  93.483  50.785  68.379  92.606  49.443  66.941  92.801  48.545  67.361  91.907
  49.659  65.779  91.467  48.882  65.173  89.370  53.340  63.752  88.559  52.837
  62.972  89.834  54.582  63.600  90.513  54.943  64.255  89.408  55.439  62.493
  88.324  55.358  62.418  89.746  56.918  62.740  90.818  57.040  62.895  89.282
  57.763  61.543  88.206  57.648  61.412  89.535  58.811  61.705  89.786  57.436
  60.633  89.072  57.424  64.013  89.441  56.859  64.869  89.337  58.470  64.162
  87.990  57.307  63.942  89.991  54.952  61.167  91.195  54.748  61.013  89.126
  54.783  60.178  88.155  54.985  60.369  89.494  54.487  58.800  90.545  54.201
  58.758  88.642  53.328  58.254  87.593  53.618  58.303  89.009  53.055  56.782
  90.057  52.761  56.715  88.376  52.268  56.372  88.836  53.945  56.176  88.833
  52.077  59.135  89.898  51.880  59.253  88.408  52.282  60.117  88.147  50.823
  58.583  88.580  50.539  57.624  88.284  49.995  59.279  87.085  51.027  58.446
  89.283  55.755  57.985  88.179  56.277  57.919  90.314  56.265  57.335  91.219
  55.830  57.442  90.213  57.431  56.471  89.382  58.043  56.821  91.479  58.289
  56.529  92.344  57.689  56.243  91.345  59.468  55.560  90.473  60.063  55.833
  92.243  60.085  55.596  91.218  59.105  54.540  91.698  58.827  57.943  91.832
  57.999  58.638  92.599  59.439  57.978  90.841  59.418  58.267  89.927  56.973
  55.052  90.744  56.294  54.426  88.777  57.369  54.530  88.169  57.940  55.099
  88.360  57.046  53.179  88.765  56.066  52.925  86.832  56.996  53.113  86.461
  57.979  53.404  86.555  56.815  52.075  86.156  55.936  53.998  86.450  56.069
  55.039  84.642  56.126  53.885  84.312  56.005  52.853  84.130  55.404  54.521
  84.389  57.140  54.196  86.518  54.516  53.565  87.595  54.375  53.664  86.011
  53.793  54.204  86.219  54.347  52.530  88.890  58.078  52.185  88.521  59.246
  52.259  89.715  57.645  51.238  89.925  56.658  51.216  90.184  58.481  50.140
  90.326  59.500  50.499  91.503  57.976  49.556  91.364  56.966  49.170  91.751
  58.634  48.724  92.685  57.969  50.515  92.599  58.801  51.213  92.624  57.048
  51.094  94.013  58.049  49.722  94.102  57.345  48.689  94.956  58.742  50.180
  89.150  58.463  49.023  89.058  57.485  48.271  88.391  59.537  48.887  88.532
  60.323  49.505  87.367  59.681  47.876  87.004  58.673  47.675  86.229  60.552
  48.429  86.640  61.518  48.719  85.489  60.731  47.649  85.540  59.901  49.636
  86.274  59.668  50.407  84.506  60.839  50.243  83.756  61.088  49.493  84.057
  60.353  51.109  84.997  61.759  50.561  84.845  58.606  49.202  85.587  57.912
  48.808  84.356  58.142  50.059  84.119  58.816  48.417  87.910  60.220  46.551
  88.960  60.867  46.505  87.228  59.898  45.436  86.048  59.046  45.372  85.165
  59.619  45.652  86.112  58.177  46.028  85.976  58.604  43.915  84.964  58.324
  43.621  86.692  57.801  43.743  86.467  59.851  43.199  85.679  60.604  43.229
  86.780  59.657  42.173  87.635  60.283  44.085  88.537  59.739  43.804  87.883
  61.775  43.905  88.860  62.167  43.276  87.018  62.609  44.473  86.272  62.215
  45.029  87.140  64.074  44.499  87.321  64.407  43.478  85.826  64.702  44.992
  85.986  65.736  45.299  85.122  64.709  44.160  85.207  63.961  46.167  85.958
  63.457  47.025  83.972  63.832  46.159  88.333  64.594  45.316  88.338  65.738
  45.764  89.351  63.763  45.540  89.293  62.828  45.161  90.525  64.119  46.314
  91.259  63.318  46.233  90.923  65.042  45.892  90.213  64.363  47.792  91.135
  64.603  48.568  88.940  64.312  48.190  88.227  64.117  47.502  88.514  64.499
  49.557  89.077  65.336  49.970  87.026  64.845  49.600  86.855  65.736  48.995
  86.465  64.000  49.200  86.492  65.100  51.015  86.696  64.233  51.643  86.997
  65.973  51.429  84.982  65.321  51.041  84.400  65.613  52.066  84.274  65.197
  49.941  83.276  65.354  49.972  84.762  64.982  49.084  88.818  63.250  50.371
  88.771  62.122  49.885  89.062  63.464  51.654  89.005  64.407  52.010  89.292
  62.388  52.600  89.147  61.427  52.107  90.719  62.466  53.118  90.885  63.463
  53.526  90.857  61.724  53.904  91.632  62.222  52.068  92.523  62.336  52.405
  88.327  62.509  53.758  88.198  63.590  54.329  87.675  61.410  54.133  87.814
  60.561  53.604  86.733  61.401  55.242  86.742  62.399  55.681  85.320  61.104
  54.737  85.343  60.175  54.167  84.672  60.960  55.601  84.744  62.229  53.863
  85.299  62.281  52.927  83.283  61.902  53.559  82.706  61.848  54.483  82.871
  62.677  52.913  83.235  60.936  53.055  84.804  63.586  54.577  85.840  63.888
  54.729  84.353  64.362  53.959  84.288  63.540  55.536  87.140  60.439  56.349
  87.337  59.253  56.086  87.238  60.939  57.590  86.982  62.317  57.999  86.018
  62.663  57.626  87.775  62.963  57.622  86.979  62.312  59.521  85.965  62.109
  59.866  87.322  63.255  59.946  87.895  61.123  59.840  87.702  60.737  60.841
  88.942  61.402  59.726  87.529  60.116  58.747  88.356  59.439  58.533  86.275
  59.327  59.115  85.226  59.906  59.392  86.326  58.009  59.113  87.149  57.530
  58.778  85.146  57.195  59.396  84.381  57.831  59.841  84.545  56.567  58.127
  83.588  56.120  58.396  84.290  57.592  57.027  85.232  58.044  56.717  83.800
  57.099  56.187  83.636  58.385  57.392  85.363  55.531  57.631  85.000  55.174
  56.818  85.412  56.119  60.424  86.532  55.864  60.856  84.326  55.479  60.818
  83.443  55.768  60.422  84.284  54.375  61.752  85.285  53.958  61.870  83.727
  54.913  63.083  83.776  56.001  63.053  82.676  54.631  63.141  84.415  54.464
  64.383  84.307  53.387  64.510  85.895  54.837  64.419  86.021  55.914  64.309
  86.329  54.521  65.368  86.430  54.322  63.621  83.703  55.175  65.540  82.651
  54.893  65.560  84.168  54.890  66.484  83.794  56.256  65.428  83.349  53.353
  61.121  82.266  53.715  60.656  83.736  52.086  61.070  84.628  51.813  61.457
  82.843  51.062  60.526  82.426  51.426  59.587  83.590  49.758  60.237  84.116
  49.440  61.137  82.614  48.665  59.795  82.078  48.988  58.902  83.157  47.747
  59.571  81.900  48.458  60.593  84.610  49.986  59.123  85.313  50.750  59.454
  85.149  49.060  58.922  84.110  50.316  58.212  81.687  50.848  61.493  81.888
  50.504  62.653  80.459  51.069  61.032  80.358  51.382  60.077  79.260  50.893
  61.855  79.550  50.914  62.906  78.264  52.012  61.537  78.580  52.549  60.643
  77.279  51.585  61.351  78.143  53.001  62.685  79.137  53.379  62.928  77.511
  53.829  62.362  77.514  52.373  63.926  76.585  51.881  63.638  78.180  51.629
  64.363  77.236  53.407  64.921  76.261  53.614  65.085  78.117  54.121  65.586
  79.397  53.918  65.438  79.672  53.215  64.767  80.070  54.454  65.967  77.728
  55.038  66.413  76.732  55.178  66.512  78.407  55.512  66.990  78.577  49.553
  61.683  77.834  49.154  62.576  78.794  48.886  60.556  79.419  49.271  59.862
  78.099  47.652  60.233  78.143  46.993  61.100  76.641  47.985  59.895  76.253
  48.684  60.636  76.614  48.464  58.916  75.717  46.770  59.871  76.003  46.103
  59.058  75.788  46.231  60.816  74.275  47.203  59.697  73.737  47.248  58.601
  73.611  47.429  60.807  72.668  47.765  60.668  74.119  47.448  61.679  78.767
  46.966  59.052  79.324  47.628  58.178  78.688  45.638  59.023  78.200  45.165
  59.769  79.213  44.819  57.932  79.258  45.417  57.022  80.624  44.288  58.238
  80.589  43.679  59.141  81.117  43.423  57.073  81.150  44.025  56.165  82.108
  43.026  57.295  80.439  42.586  56.911  81.627  45.418  58.472  81.310  46.018
  59.325  82.612  45.003  58.690  81.681  46.047  57.584  78.256  43.662  57.722
  78.285  42.677  58.458  77.349  43.798  56.768  77.365  44.623  56.185  76.395
  42.749  56.442  75.960  42.369  57.366  75.273  43.313  55.569  75.707  43.750
  54.670  74.618  42.493  55.273  74.431  44.351  56.286  73.504  44.911  55.742
  74.713  44.607  57.546  74.193  45.359  57.975  75.526  44.174  57.961  77.120
  41.605  55.768  77.720  41.775  54.708  77.139  40.464  56.443  76.673  40.409
  57.337  77.744  39.262  55.903  78.587  39.526  55.265  78.216  38.356  57.041
  77.334  37.968  57.549  78.760  37.520  56.601  79.107  39.068  58.065  78.539
  39.854  58.564  79.560  38.060  59.120  80.120  37.254  58.647  80.174  38.563
  59.868  78.680  37.644  59.609  80.327  39.685  57.382  79.986  40.426  56.659
  80.947  40.197  58.118  80.891  38.915  56.856  76.723  38.545  55.055  75.608
  38.316  55.535  77.123  38.150  53.849  78.073  38.301  53.540  76.280  37.286
  53.055  75.361  37.827  52.828  76.962  36.946  51.726  76.189  36.626  51.027
  77.473  37.812  51.305  77.937  35.798  51.840  77.418  34.675  51.869  79.167
  35.980  51.728  75.983  36.062  53.939  76.888  35.464  54.547  74.703  35.758
  54.164  73.975  36.316  53.739  74.386  34.580  54.964  74.934  34.656  55.904
  72.885  34.476  55.233  72.355  34.528  54.282  72.683  33.516  55.707  72.423
  35.608  56.161  72.957  35.521  57.107  72.674  36.566  55.705  70.911  35.568
  56.430  70.379  35.656  55.483  70.655  34.622  56.907  70.520  36.733  57.349
  71.124  36.673  58.254  70.776  37.662  56.840  69.077  36.731  57.708  68.811
  35.898  58.213  68.855  37.487  58.340  68.493  36.805  56.887  74.918  33.367
  54.222  74.932  33.358  52.996  75.226  32.300  54.975  75.207  32.430  55.976
  75.739  31.038  54.415  75.865  30.312  55.219  74.718  30.487  53.397  73.723
  30.514  53.842  74.712  31.137  52.523  75.028  29.075  52.885  76.087  28.954
  52.654  74.755  28.350  53.652  74.249  28.830  51.593  73.182  28.903  51.803
  74.509  29.603  50.870  74.559  27.513  51.012  75.189  26.920  51.533  74.091
  27.075  49.853  73.292  27.803  49.116  73.026  28.725  49.434  72.914  27.484
  48.236  74.426  25.890  49.418  75.003  25.295  49.995  74.026  25.552  48.555
  77.111  31.245  53.784  77.297  30.883  52.630  78.056  31.799  54.554  77.765
  32.097  55.474  79.469  32.039  54.191  80.037  31.110  54.246  79.549  32.623
  52.766  78.546  32.970  52.520  80.237  33.467  52.713  79.966  31.600  51.699
  81.019  31.344  51.819  79.393  30.678  51.799  79.718  32.201  50.311  78.854
  32.863  50.362  80.588  32.794  50.030  79.463  31.166  49.289  79.594  30.208
  49.579  78.996  31.405  48.071  78.779  32.624  47.644  78.835  33.358  48.335
  78.304  32.828  46.776  78.777  30.417  47.242  78.939  29.470  47.556  78.418
  30.592  46.315  80.103  33.036  55.161  79.492  33.498  56.124  81.391  33.298
  54.930  81.805  32.864  54.117  82.194  34.273  55.662  81.571  34.781  56.398
  83.343  33.556  56.375  83.952  33.052  55.625  83.950  34.318  56.865  82.875
  32.533  57.417  82.174  33.016  58.097  82.378  31.704  56.912  84.070  31.988
  58.206  84.615  31.283  57.578  84.732  32.817  58.459  83.662  31.312  59.451
  82.672  31.267  59.647  84.490  30.791  60.344  85.789  30.824  60.164  86.155
  31.270  59.335  86.422  30.455  60.860  84.027  30.228  61.430  83.034  30.240
  61.613  84.657  29.848  62.121  82.724  35.332  54.700  83.883  35.249  54.289
  81.882  36.283  54.302  80.923  36.272  54.618  82.285  37.350  53.389  83.306
  37.628  53.652  82.325  36.823  51.948  83.046  36.008  51.892  81.349  36.426
  51.669  82.746  37.924  50.962  82.289  38.879  51.222  83.830  38.031  51.006
  82.303  37.601  49.537  82.823  36.706  49.194  81.228  37.422  49.546  82.588
  38.723  48.627  83.024  39.530  49.050  82.290  38.782  47.341  81.697  37.776
  46.746  81.420  36.996  47.325  81.439  37.824  45.771  82.592  39.840  46.634
  83.069  40.618  47.068  82.410  39.882  45.642  81.362  38.571  53.500  80.142
  38.437  53.452  81.949  39.770  53.603  83.351  40.026  53.903  83.939  40.051
  52.986  83.769  39.287  54.587  83.343  41.383  54.580  84.316  41.870  54.518
  83.023  41.252  55.613  82.261  42.103  53.774  82.688  42.381  52.810  81.859
  42.980  54.281  81.200  41.016  53.573  80.497  41.010  54.406  80.453  41.195
  52.248  81.051  41.086  51.175  79.161  41.494  52.302  78.694  41.536  53.197
  78.353  41.791  51.121  78.949  41.583  50.233  77.125  40.876  51.072  76.775
  40.887  50.039  77.429  39.863  51.332  75.967  41.307  51.990  76.237  41.101
  53.026  75.785  42.375  51.874  74.654  40.594  51.684  73.685  40.897  52.412
  74.623  39.798  50.720  77.948  43.261  51.052  77.560  43.736  49.986  78.025
  43.971  52.173  78.330  43.502  53.014  77.750  45.394  52.280  78.214  45.889
  51.427  76.234  45.643  52.224  75.846  45.350  51.248  75.751  45.019  52.975
  75.842  47.066  52.524  75.684  47.546  53.819  75.401  48.843  53.699  75.178
  49.501  54.526  75.388  49.216  52.417  75.232  50.173  52.132  75.672  48.105
  51.646  75.767  48.063  50.571  78.375  45.935  53.569  78.510  45.216  54.562
  78.780  47.199  53.550  78.648  47.732  52.703  79.388  47.874  54.697  79.109
  47.341  55.606  80.923  47.857  54.575  81.259  46.820  54.536  81.383  48.567
  53.292  81.043  49.602  53.297  82.470  48.543  53.217  80.959  48.064  52.423
  81.587  48.515  55.788  81.285  47.984  56.691  82.673  48.480  55.692  81.283
  49.558  55.875  78.852  49.289  54.848  78.611  49.991  53.864  78.721  49.737
  56.089  78.984  49.142  56.862  78.398  51.116  56.400  78.161  51.627  55.467
  77.168  51.201  57.299  77.384  50.700  58.243  76.962  52.255  57.484  75.938
  50.562  56.657  75.780  51.009  55.675  76.122  49.499  56.502  74.692  50.735
  57.530  74.728  50.273  58.694  73.703  51.298  57.010  79.588  51.800  57.071
  80.245  51.239  57.955  79.834  53.046  56.687  79.216  53.446  55.995  80.872
  53.900  57.237  81.464  53.333  57.955  81.791  54.400  56.125  81.165  54.846
  55.352  82.463  55.159  56.527  82.626  53.324  55.494  82.257  52.811  54.241
  81.386  53.201  53.736  83.011  51.780  53.662  82.716  51.371  52.707  84.135
  51.269  54.337  84.705  50.465  53.896  84.513  51.799  55.584  85.376  51.410
  56.104  83.760  52.832  56.163  84.040  53.234  57.126  80.219  55.081  57.932
  79.580  55.924  57.306  80.402  55.192  59.234  80.978  54.521  59.721  79.924
  56.348  59.956  79.001  56.677  59.478  79.618  55.959  61.392  78.993  55.066
  61.384  80.556  55.737  61.901  78.890  57.040  62.147  77.748  57.643  61.590
  77.386  57.349  60.616  77.070  58.640  62.304  76.181  59.093  61.893  77.519
  59.022  63.577  76.977  59.783  64.119  78.651  58.409  64.140  78.985  58.683
  65.129  79.348  57.429  63.417  80.232  56.972  63.836  80.959  57.463  59.869
  82.048  57.362  60.434  80.656  58.501  59.104  79.756  58.500  58.645  81.549
  59.635  58.887  82.560  59.273  58.698  81.085  60.453  57.680  80.073  60.802
  57.885  82.057  61.607  57.406  83.036  61.185  57.179  81.716  62.210  56.565
  82.159  62.250  58.280  80.980  59.596  56.425  80.161  58.895  56.585  80.793
  60.211  55.544  81.909  59.064  56.220  81.638  60.494  60.138  80.686  61.176
  60.511  82.815  60.500  60.746  83.564  59.946  60.356  83.126  61.314  61.903
  82.363  61.115  62.655  84.507  60.921  62.445  85.250  61.051  61.658  84.780
  61.581  63.268  84.514  59.458  62.919  84.149  58.806  62.126  85.930  59.025
  63.269  86.345  59.640  64.068  85.909  57.984  63.592  86.565  59.108  62.387
  83.621  59.289  64.148  82.592  59.564  63.913  83.618  58.249  64.474  84.016
  59.907  64.954  83.031  62.797  61.570  83.532  63.272  60.547  82.354  63.513
  62.458  81.979  63.045  63.270  82.072  64.933  62.315  82.535  65.309  61.403
  80.556  65.097  62.162  80.187  64.482  61.341  80.083  64.792  63.095  80.243
  66.424  61.822  79.331  66.575  62.081  82.682  65.720  63.486  83.738  65.365
  64.007  82.058  66.829  63.847  81.193  67.036  63.368  82.422  67.722  64.939
  83.506  67.710  65.051  81.960  69.139  64.576  82.088  69.780  65.448  82.609
  69.500  63.778  80.515  69.231  64.074  80.350  69.132  62.831  79.608  69.415
  64.906  81.821  67.306  66.286  82.343  67.661  67.342  80.738  66.542  66.264
  80.294  66.356  65.376  79.995  66.170  67.456  80.146  66.937  68.216  78.488
  66.083  67.191  78.225  65.025  67.174  77.952  66.508  68.040  77.970  66.767
  65.914  77.256  67.539  66.200  78.748  67.251  65.323  77.312  65.723  65.033
  76.423  65.009  65.573  77.683  65.629  63.835  80.520  64.842  67.998  81.095
  64.035  67.254  80.297  64.561  69.289  79.577  65.352  70.281  78.681  65.830
  69.882  80.241  66.109  70.697  79.191  64.340  71.355  78.299  63.801  71.034
  79.032  64.803  72.329  80.384  63.384  71.339  80.130  62.417  71.773  81.237
  63.829  71.851  80.680  63.279  69.843  81.743  63.122  69.664  79.884  62.136
  69.200  78.799  62.303  68.625  80.356  60.912  69.386  81.242  60.794  69.857
  79.751  59.718  68.809  78.696  59.921  68.625  80.427  59.332  67.487  79.972
  58.404  67.141  80.182  60.415  66.433  80.624  61.363  66.740  80.634  60.119
  65.486  79.110  60.558  66.295  81.927  59.091  67.647  82.099  58.300  68.378
  82.366  58.791  66.696  82.411  60.002  67.999  79.811  58.558  69.771  80.720
  58.451  70.589  78.803  57.696  69.678  78.116  57.796  68.945  78.826  56.447
  70.425  79.261  56.633  71.407  77.420  55.875  70.616  77.098  55.422  69.679
  77.478  55.105  71.386  76.385  56.924  71.038  76.842  57.583  71.776  76.143
  57.529  70.164  75.098  56.285  71.604  74.657  55.225  71.089  74.496  56.852
  72.549  79.681  55.447  69.657  79.588  55.372  68.425  80.479  54.659  70.356
  80.546  54.778  71.357  81.338  53.658  69.750  80.766  53.127  68.990  82.536
  54.338  69.083  83.040  53.592  68.470  82.189  55.137  68.428  83.529  54.932
  70.088  83.114  55.856  70.492  83.690  54.243  70.917  85.138  55.269  69.350
  85.816  53.582  69.357  85.186  52.907  68.778  86.819  53.590  68.930  85.864
  53.211  70.381  81.814  52.655  70.790  81.790  52.930  71.992  82.236  51.491
  70.320  82.296  51.331  69.325  82.734  50.452  71.205  82.293  50.584  72.194
  82.324  49.085  70.671  82.689  48.987  69.648  82.814  48.324  71.278  80.823
  48.863  70.692  79.998  49.491  69.737  80.440  50.136  68.992  78.605  49.293
  69.758  77.976  49.814  69.051  78.029  48.467  70.750  76.675  48.327  70.790
  76.241  48.832  70.098  78.854  47.843  71.713  78.417  47.207  72.469  80.249
  48.039  71.677  80.884  47.549  72.400  84.235  50.585  71.354  84.940  50.686
  70.365  84.704  50.650  72.590  84.047  50.623  73.357  86.122  50.657  72.915
  86.695  50.776  71.995  86.494  51.817  73.840  85.920  51.736  74.763  87.990
  51.787  74.176  88.578  51.843  73.260  88.251  52.628  74.819  88.233  50.860
  74.695  86.154  53.147  73.170  85.090  53.176  72.933  86.388  53.969  73.845
  86.732  53.244  72.251  86.445  49.338  73.591  85.702  48.928  74.490  87.558
  48.695  73.229  88.438  48.989  72.108  89.266  49.612  72.445  87.931  49.465
  71.269  88.941  47.619  71.692  89.862  47.684  71.112  88.152  47.106  71.141
  89.147  46.955  73.054  90.076  47.336  73.478  89.161  45.867  72.994  87.968
  47.472  73.884  87.126  46.780  73.888  88.351  47.708  75.333  88.910  48.746
  75.695  88.096  46.722  76.179  87.674  45.871  75.835  88.494  46.756  77.568
  88.728  47.785  77.844  87.359  46.253  78.458  87.128  45.229  78.163  87.717
  46.248  79.487  86.078  47.097  78.380  85.673  47.070  77.368  85.049  46.520
  79.344  85.447  46.545  80.358  84.125  47.096  79.301  84.839  45.487  79.066
  86.353  48.546  78.768  87.023  48.963  78.016  85.423  49.114  78.786  86.803
  48.604  79.758  89.748  45.920  77.749  89.844  44.780  77.287  90.731  46.478
  78.440  90.573  47.403  78.811  91.990  45.818  78.737  92.058  44.910  78.138
  93.123  46.769  78.350  92.929  47.153  77.348  93.145  47.613  79.040  94.485
  46.074  78.372  94.728  45.777  79.392  94.461  45.195  77.727  95.534  47.058
  77.858  95.345  47.248  76.802  95.420  47.992  78.408  96.910  46.555  78.027
  97.012  45.582  78.279  98.004  47.297  77.921  97.943  48.565  77.608  97.026
  48.970  77.484  98.761  49.155  77.562  99.183  46.769  78.102  99.269  45.794
  78.348 100.008  47.351  78.074  92.001  45.437  80.206  92.393  46.244  81.037
  91.563  44.226  80.526  91.202  43.620  79.803  91.581  43.763  81.916  91.077
  44.512  82.527  90.821  42.446  82.037  91.188  41.752  81.281  91.008  42.010
  83.019  89.336  42.615  81.876  88.741  42.407  80.623  89.332  42.101  79.772
  87.359  42.571  80.478  86.911  42.386  79.513  86.569  42.947  81.581  85.502
  43.062  81.461  87.170  43.170  82.833  86.574  43.478  83.679  88.555  42.999
  82.980  89.025  43.167  83.938  93.012  43.604  82.440  93.883  43.114  81.719
  93.253  44.005  83.684  92.509  44.458  84.194  94.560  43.976  84.334  95.163
  43.221  83.829  95.277  45.337  84.221  94.722  46.096  84.772  96.698  45.241
  84.789  97.253  44.468  84.257  97.200  46.204  84.698  96.660  45.013  85.854
  95.386  45.778  82.759  94.384  45.939  82.363  95.934  46.719  82.710  95.895
  45.017  82.167  94.441  43.545  85.789  93.439  43.790  86.450  95.483  42.883
  86.286  96.269  42.697  85.680  95.553  42.510  87.689  96.597  42.370  87.969
  95.132  43.312  88.294  94.770  41.236  87.979  93.816  40.878  87.292  95.223
  40.490  88.981  96.001  40.812  89.540  94.572  39.247  89.388  93.967  38.887
  88.556  95.593  38.149  89.705  95.052  37.282  90.086  96.352  37.728  88.448
  96.886  38.584  88.036  97.063  36.937  88.686  95.650  37.366  87.697  96.551
  38.560  90.663  97.167  37.843  90.828  93.684  39.516  90.599  94.192  39.989
  91.617  92.378  39.209  90.530  91.655  38.690  89.382  91.822  37.615  89.312
  91.971  39.154  88.447  90.192  39.025  89.675  89.483  38.370  89.170  90.006
  40.057  89.377  90.123  38.905  91.198  90.081  37.871  91.542  89.295  39.479
  91.614  91.462  39.472  91.636  91.353  40.544  91.795  91.942  38.840  92.935
  92.388  37.690  92.957  91.817  39.548  94.047  91.449  40.487  93.990  92.145
  38.998  95.356  93.193  38.699  95.354  91.916  40.063  96.420  90.869  40.364
  96.408  92.141  39.632  97.396  92.555  40.926  96.236  91.284  37.766  95.650
  91.756  36.794  96.239  90.087  37.740  95.064  89.806  38.539  94.514  89.181
  36.622  95.154  89.162  36.276  96.187  88.190  36.937  94.827  89.631  35.458
  94.308  89.228  34.343  94.566  90.521  35.658  93.341  90.925  36.581  93.273
  91.115  34.591  92.537  90.348  33.844  92.333  91.622  35.148  91.198  92.252
  36.025  91.351  92.481  34.128  90.451  91.881  33.237  90.265  92.839  34.559
  89.516  93.355  33.865  91.045  90.418  35.485  90.302  89.706  36.148  90.794
  90.779  35.924  89.372  89.834  34.591  90.082  92.244  33.907  93.295  92.431
  32.695  93.162  92.977  34.672  94.110  92.689  35.631  94.240  94.003  34.142
  95.008  94.723  33.560  94.432  94.704  35.280  95.747  93.977  35.803  96.368
  95.453  34.838  96.404  95.397  36.281  94.825  96.252  35.779  94.371  94.731
  36.617  94.031  95.845  37.491  95.657  94.965  38.074  95.932  96.303  37.158
  96.588  96.800  38.337  94.919  96.480  39.270  94.701  98.018  37.979  94.537
  98.495  36.787  94.797  97.887  36.165  95.310  99.414  36.482  94.509  98.788
  38.796  93.876  98.453  39.732  93.698  99.731  38.561  93.600  93.362  33.246
  96.060  93.967  32.283  96.504  92.106  33.543  96.390  91.679  34.345  95.948
  91.287  32.772  97.309  91.946  32.355  98.070  90.295  33.721  97.979  89.620
  34.144  97.235  89.713  33.166  98.715  90.832  34.526  98.480  90.584  31.591
  96.626  89.659  30.998  97.176  91.001  31.246  95.405  91.751  31.776  94.985
  90.417  30.150  94.647  91.163  29.775  93.946  90.137  29.363  95.347  89.165
  30.536  93.869  88.588  29.683  93.206  88.775  31.804  93.878  89.319  32.484
  94.391  87.640  32.323  93.138  86.760  31.738  93.405  87.441  33.356  93.423
  87.896  32.291  91.632  89.019  32.070  91.147  86.835  32.514  90.877  85.953
  32.624  91.357  86.773  32.431  89.421  87.745  32.107  89.050  85.698  31.440
  88.933  84.730  31.940  88.919  85.998  31.070  87.482  86.977  30.597  87.413
  85.234  30.384  87.114  85.975  31.967  86.863  85.626  30.166  89.791  85.330
  30.407  90.812  84.873  29.486  89.394  86.596  29.670  89.814  86.460  33.798
  88.849  85.383  34.336  89.062  87.386  34.372  88.097  88.241  33.873  87.900
  87.136  35.650  87.435  86.549  36.278  88.106  88.476  36.343  87.199  88.876
  36.610  88.177  89.150  35.632  86.722  88.387  37.598  86.312  88.084  37.314
  85.304  87.385  38.615  86.875  87.670  38.911  87.884  87.343  39.488  86.223
  86.377  38.202  86.913  89.771  38.235  86.215  90.474  37.528  85.774  89.714
  39.110  85.567  90.140  38.544  87.193  86.333  35.471  86.142  86.690  34.650
  85.305  85.291  36.276  85.958  85.057  36.933  86.688  84.466  36.311  84.767
  84.884  35.618  84.036  83.041  35.879  85.109  82.543  36.688  85.643  82.525
  35.701  84.165  82.955  34.621  85.977  83.580  33.844  85.536  83.333  34.842
  86.975  81.520  34.115  86.078  80.544  34.854  86.112  81.326  32.818  86.024
  80.399  32.428  86.123  82.114  32.199  85.902  84.434  37.709  84.153  83.913
  38.654  84.750  84.964  37.828  82.942  85.370  37.021  82.491  84.921  39.070
  82.175  84.921  39.922  82.855  86.138  39.180  81.252  86.086  38.372  80.522
  86.068  40.139  80.739  87.492  39.091  81.962  87.559  39.911  82.676  87.523
  38.165  82.536  88.687  39.132  80.971  89.855  39.018  81.405  88.538  39.307
  79.733  83.647  39.096  81.334  83.588  38.499  80.259  82.599  39.738  81.839
  82.681  40.189  82.739  81.314  39.801  81.134  81.021  38.788  80.859  80.233
  40.413  82.040  80.457  41.470  82.183  78.856  40.297  81.366  78.617  39.253
  81.167  78.099  40.751  82.006  78.862  40.829  80.415  80.206  39.743  83.427
  81.160  39.916  83.926  79.428  40.214  84.027  79.954  38.231  83.363  80.732
  37.747  82.772  79.966  37.818  84.372  78.984  38.033  82.906  81.415  40.590
  79.833  80.832  40.196  78.823  82.170  41.688  79.841  82.632  41.941  80.702
  82.344  42.537  78.667  81.652  42.198  77.896  82.022  44.001  78.979  82.393
  44.236  79.977  82.527  44.648  78.262  80.547  44.285  78.956  79.685  43.858
  79.953  78.467  44.284  79.602  77.574  44.119  80.186  78.520  44.934  78.429
  77.715  45.334  77.968  79.829  44.949  77.998  80.200  45.403  77.091  83.735
  42.413  78.089  84.721  42.347  78.809  83.805  42.445  76.759  82.936  42.574
  76.260  85.063  42.549  76.011  85.893  42.249  76.652  84.995  41.622  74.798
  84.998  40.592  75.154  84.066  41.813  74.261  86.175  41.854  73.842  86.059
  42.825  73.359  87.109  41.853  74.402  86.233  40.791  72.747  85.261  40.739
  72.258  86.978  41.101  72.014  86.599  39.467  73.287  86.740  39.420  74.286
  86.751  38.362  72.576  86.590  38.362  71.276  86.286  39.228  70.854  86.638
  37.509  70.737  87.072  37.237  73.156  87.179  37.215  74.160  87.166  36.383
  72.626  85.317  43.985  75.582  86.450  44.448  75.612  84.238  44.650  75.196
  83.336  44.203  75.271  84.224  46.044  74.801  85.184  46.503  75.037  83.956
  46.180  73.297  82.941  45.826  73.116  83.984  47.240  73.043  84.905  45.395
  72.378  86.120  45.317  72.635  84.406  44.822  71.387  83.118  46.745  75.581
  82.165  46.109  76.032  83.207  48.059  75.693  84.000  48.518  75.267  82.208
  48.902  76.328  81.356  48.276  76.592  82.789  49.530  77.608  83.106  48.733
  78.281  83.993  50.428  77.285  83.727  51.228  76.595  84.377  50.863  78.208
  84.777  49.829  76.823  81.756  50.383  78.349  82.228  50.876  79.199  81.367
  51.156  77.685  80.602  49.545  78.880  80.969  48.790  79.576  79.950  50.243
  79.405  80.072  49.048  78.068  81.720  49.950  75.339  82.496  50.441  74.518
  80.440  50.318  75.419  79.861  49.946  76.159  79.934  51.424  74.627  80.516
  51.457  73.706  78.464  51.189  74.260  78.363  50.178  73.867  77.849  51.267
  75.157  77.957  52.206  73.220  78.274  53.220  73.464  78.521  51.877  71.849
  78.217  50.862  71.593  78.168  52.597  71.111  79.609  51.917  71.891  76.431
  52.175  73.145  76.019  52.434  74.121  76.086  52.902  72.410  76.094  51.174
  72.876  80.147  52.733  75.381  79.628  52.911  76.486  80.857  53.664  74.760
  81.288  53.435  73.876  81.139  54.992  75.305  80.508  55.160  76.178  82.606
  55.120  75.749  82.748  56.095  76.215  82.971  54.041  76.773  82.830  53.057
  76.326  84.010  54.155  77.081  82.327  54.132  77.648  83.545  55.030  74.543
  83.327  55.830  73.836  84.581  55.133  74.867  83.405  54.071  74.045  80.801
  56.061  74.279  80.674  55.784  73.084  80.655  57.294  74.741  80.794  57.437
  75.731  80.434  58.476  73.925  80.226  58.156  72.904  79.230  59.220  74.492
  78.457  58.494  74.744  79.529  59.742  75.402  78.665  60.231  73.495  79.378
  61.044  73.358  78.482  59.735  72.541  77.352  60.783  74.051  76.707  59.948
  74.325  77.570  61.371  74.942  76.639  61.651  73.017  77.277  62.503  72.784
  76.503  61.063  72.109  75.327  62.113  73.528  75.454  62.640  74.380  74.848
  62.696  72.856  74.739  61.327  73.764  81.684  59.343  73.956  82.232  59.589
  75.026  82.142  59.806  72.798  81.698  59.508  71.941  83.379  60.585  72.715
  83.364  61.326  73.514  84.598  59.661  72.926  84.485  59.128  73.870  84.727
  58.627  71.803  84.840  59.124  70.840  85.591  57.987  71.980  83.832  58.006
  71.776  85.882  60.480  73.024  85.793  61.170  73.863  86.732  59.819  73.195
  86.066  61.026  72.099  83.483  61.353  71.408  82.992  60.919  70.369  84.132
  62.513  71.454  84.567  62.785  72.323  84.458  63.264  70.246  83.572  63.324
  69.614  84.885  64.688  70.587  85.696  64.666  71.315  85.221  65.194  69.683
  83.780  65.365  71.139  84.014  66.281  71.303  85.563  62.546  69.484  86.545
  62.156  70.108  85.485  62.459  68.148  84.413  63.012  67.339  84.547  64.088
  67.230  83.427  62.780  67.744  84.554  62.309  66.015  84.106  62.866  65.192
  84.083  61.342  66.188  86.072  62.181  65.882  86.494  63.160  65.654  86.391
  61.454  65.136  86.464  61.768  67.298  86.347  60.689  67.400  87.917  62.150
  67.575  88.831  61.376  67.321  88.127  63.345  68.134  87.310  63.893  68.366
  89.432  63.814  68.576  90.118  63.738  67.733  89.263  65.275  68.988  88.878
  65.821  68.127  88.542  65.341  69.803  90.579  65.905  69.442  90.899  65.454
  70.382  91.342  65.710  68.688  90.400  67.415  69.649  89.529  67.583  70.282
  91.271  67.809  70.172  90.232  68.135  68.371  89.334  68.572  68.221  91.167
  68.280  67.442  92.367  67.784  67.605  92.550  67.250  68.443  93.089  67.830
  66.900  90.914  68.940  66.344  89.987  69.313  66.199  91.613  68.973  65.616
  90.038  62.962  69.697  91.235  62.723  69.673  89.228  62.532  70.664  88.248
  62.765  70.598  89.674  61.800  71.850  90.751  61.933  71.948  88.997  62.368
  73.106  87.969  62.005  73.142  89.518  61.982  73.982  88.992  63.875  73.171
  90.001  64.544  73.055  87.822  64.467  73.291  87.834  65.475  73.351  87.000
  63.889  73.396  89.467  60.286  71.820  89.566  59.682  72.885  89.147  59.671
  70.676  89.043  60.212  69.829  88.942  58.217  70.616  87.994  58.006  71.109
  88.827  57.727  69.162  89.660  58.133  68.588  88.890  56.188  69.116  88.082
  55.767  69.713  88.836  55.818  68.092  89.840  55.825  69.507  87.507  58.241
  68.561  86.674  57.846  69.143  87.493  59.329  68.631  87.320  57.849  67.091
  87.294  56.765  66.983  86.375  58.247  66.721  88.145  58.254  66.505  90.075
  57.468  71.349  91.244  57.588  70.965  89.747  56.732  72.425  88.456  56.690
  73.102  87.639  56.444  72.424  88.267  57.657  73.570  88.606  55.615  74.171
  88.438  54.639  73.714  87.946  55.765  75.025  90.082  55.737  74.539  90.445
  54.834  75.030  90.239  56.619  75.159  90.728  55.963  73.172  91.646  56.542
  73.274  91.047  54.638  72.482  90.183  54.016  71.871  92.275  54.151  72.663
  92.950  54.678  73.198  92.657  52.862  72.069  92.266  52.794  71.054  94.180
  52.731  72.064  94.569  52.926  73.063  94.447  51.712  71.783  94.839  53.696
  71.088  94.762  54.711  71.479  95.896  53.439  71.016  94.236  53.620  69.690
  93.579  54.595  69.283  94.622  52.676  68.967  92.079  51.673  72.819  91.829
  50.616  72.247  91.940  51.826  74.127  92.162  52.719  74.543  91.417  50.814
  75.012  90.486  50.426  74.599  92.436  49.670  75.156  92.005  48.895  75.790
  92.608  49.221  74.178  93.774  50.088  75.729  93.931  50.212  77.119  93.093
  50.012  77.771  95.157  50.633  77.656  95.257  50.748  78.725  96.232  50.928
  76.800  97.171  51.269  77.211  96.087  50.784  75.410  96.911  51.014  74.751
  94.855  50.369  74.874  94.726  50.282  73.805  91.135  51.479  76.351  91.655
  52.559  76.652  90.363  50.806  77.184  89.969  49.928  76.878  90.103  51.232
  78.546  90.650  52.150  78.759  88.602  51.501  78.742  88.036  50.671  78.320
  88.280  51.639  80.238  88.844  52.474  80.653  87.212  51.794  80.392  88.544
  50.727  80.774  88.226  52.784  77.980  88.860  53.599  78.329  88.419  52.625
  76.919  86.760  53.196  78.145  86.540  53.404  79.192  86.572  54.103  77.572
  86.114  52.393  77.789  90.647  50.147  79.447  90.160  49.020  79.422  91.707
  50.459  80.185  92.040  51.412  80.204  92.222  49.521  81.173  92.407  48.571
  80.671  93.537  50.032  81.761  94.220  50.267  80.945  93.324  50.942  82.322
  94.202  48.987  82.669  93.464  48.437  83.253  94.699  48.280  82.005  95.186
  49.612  83.663  94.725  50.388  84.530  96.404  49.354  83.505  91.193  49.291
  82.281  90.481  50.210  82.686  91.129  48.062  82.779  91.747  47.362  82.394
  90.245  47.662  83.859  89.902  48.553  84.385  89.034  46.917  83.285  89.363
  46.030  82.744  88.097  46.498  84.417  87.774  47.383  84.965  87.233  45.972
  84.011  88.618  45.829  85.102  88.275  47.810  82.309  88.910  48.073  81.462
  87.395  47.287  81.934  88.010  48.732  82.827  90.992  46.793  84.853  91.211
  45.613  84.597  91.355  47.357  85.998  91.143  48.329  86.171  92.027  46.600
  87.048  92.684  45.873  86.570  92.913  47.523  87.872  93.648  47.994  87.219
  92.277  48.290  88.312  93.627  46.765  88.988  93.219  46.985  90.145  94.533
  45.950  88.694  91.016  45.868  87.940  90.154  46.468  88.586  91.111  44.549
  87.966  91.832  44.122  87.401  90.236  43.665  88.729  89.405  44.244  89.131
  89.678  42.553  87.839  89.081  41.878  88.452  88.797  43.151  86.743  89.401
  43.814  86.123  88.385  42.352  86.126  87.991  43.729  87.193  90.802  41.727
  87.219  91.412  41.300  88.014  90.387  40.929  86.603  91.438  42.360  86.599
  90.944  43.058  89.918  90.368  42.182  90.552  92.154  43.506  90.254  92.540
  44.301  89.765  92.884  42.982  91.406  93.072  41.924  91.222  94.217  43.707
  91.585  94.780  43.244  92.396  94.787  43.661  90.657  93.971  45.028  91.985
  94.748  45.570  91.829  92.067  43.126  92.691  92.220  42.326  93.611  91.162
  44.110  92.744  91.105  44.733  91.951  90.355  44.376  93.920  91.002  44.293
  94.794  89.949  45.385  93.846  89.195  43.409  94.113  88.839  43.149  95.254
  88.622  42.875  93.031  88.973  43.118  92.115  87.480  41.973  93.118  86.634
  42.515  93.539  87.112  41.484  91.721  87.990  41.013  91.279  86.309  40.764
  91.876  86.625  42.557  90.747  87.394  43.322  90.637  86.343  41.928  89.377
  85.569  41.165  89.453  86.027  42.705  88.680  87.239  41.439  88.995  85.347
  43.201  91.280  85.542  43.665  92.247  84.993  43.974  90.599  84.585  42.433
  91.411  87.718  40.785  94.056  88.636  39.979  93.876  86.836  40.663  95.034
  86.088  41.337  95.111  86.790  39.569  95.981  87.753  39.057  95.972  86.538
  40.137  97.383  87.196  40.993  97.535  85.503  40.476  97.434  86.774  39.140
  98.522  86.540  39.623  99.470  86.089  38.301  98.403  88.211  38.619  98.552
  88.429  37.599  97.865  89.059  39.221  99.253  85.693  38.599  95.545  84.790
  38.963  94.790  85.775  37.335  95.951  86.557  37.070  96.533  84.738  36.353
  95.628  84.768  36.178  94.552  84.976  35.021  96.360  85.056  35.214  97.429
  83.793  34.067  96.107  83.709  33.889  95.035  83.938  33.131  96.647  82.863
  34.499  96.477  86.282  34.388  95.865  86.179  34.203  94.795  87.096  35.093
  96.032  86.647  33.083  96.581  85.883  32.323  96.417  87.593  32.707  96.193
  86.751  33.274  97.649  83.354  36.896  95.995  83.013  37.021  97.169  82.516
  37.090  94.985  82.878  36.980  94.048  81.187  37.651  95.143  80.511  37.099
  94.491  80.884  37.528  96.183  81.076  39.136  94.793  79.995  39.695  94.958
  82.110  39.729  94.203  82.984  39.229  94.126  82.131  41.135  93.820  81.381
  41.673  94.399  83.488  41.777  94.134  84.282  41.180  93.686  83.528  42.765
  93.675  83.756  41.952  95.626  83.075  41.308  96.447  84.654  42.776  95.898
  81.798  41.300  92.347  81.742  40.320  91.590  81.603  42.552  91.944  81.688
  43.298  92.620  81.325  42.933  90.570  81.847  42.245  89.906  79.823  42.870
  90.299  79.305  43.390  91.104  79.614  43.380  89.359  79.354  41.528  90.232
  78.408  41.560  90.073  81.835  44.341  90.309  81.567  45.259  91.076  82.620
  44.489  89.248  82.721  43.699  88.627  83.021  45.787  88.745  83.108  46.482
  89.581  84.380  45.634  88.052  85.009  45.027  88.703  84.237  45.095  87.115
  85.117  46.951  87.763  85.033  47.617  88.622  86.596  46.639  87.550  86.709
  45.953  86.711  87.149  47.556  87.348  87.018  46.176  88.442  84.567  47.647
  86.522  83.514  47.877  86.685  85.098  48.583  86.353  84.653  47.010  85.642
  81.912  46.221  87.793  81.624  45.492  86.841  81.298  47.370  88.023  81.577
  47.916  88.826  80.251  47.898  87.154  79.886  47.090  86.520  79.068  48.410
  87.977  79.423  49.180  88.662  78.335  48.857  87.305  78.414  47.333  88.800
  78.880  46.924  90.042  78.085  45.931  90.439  78.213  45.413  91.378  77.148
  45.679  89.506  76.422  44.980  89.559  77.356  46.540  88.453  76.819  46.545
  87.516  80.789  48.974  86.225  81.884  49.482  86.395  80.042  49.350  85.202
  79.182  48.848  85.035  80.471  50.372  84.265  81.327  49.999  83.701  79.322
  50.679  83.315  78.471  51.043  83.890  79.650  51.452  82.620  79.034  49.784
  82.763  80.894  51.644  85.001  81.923  52.227  84.673  80.142  52.030  86.035
  79.348  51.460  86.287  80.436  53.187  86.881  80.509  54.062  86.234  79.303
  53.389  87.886  79.424  54.371  88.344  78.345  53.336  87.369  79.334  52.383
  88.879  78.675  52.556  89.555  81.751  53.083  87.655  82.204  54.082  88.211
  82.362  51.903  87.681  81.949  51.140  87.164  83.652  51.667  88.300  83.763
  52.351  89.142  83.707  50.231  88.814  83.475  49.521  88.020  84.732  50.015
  89.115  82.797  49.974  90.009  82.610  48.762  90.261  82.583  50.874  90.846
  84.813  51.894  87.338  85.931  52.179  87.772  84.576  51.731  86.033  83.634
  51.514  85.740  85.584  51.953  85.014  86.378  51.221  85.161  84.978  51.795
  83.617  84.173  52.525  83.529  85.741  52.049  82.881  84.424  50.396  83.307
  83.872  50.001  84.159  83.494  50.470  82.097  84.026  50.867  81.232  83.102
  49.479  81.868  82.664  51.132  82.339  85.568  49.447  82.991  86.209  49.369
  83.869  85.183  48.459  82.740  86.143  49.828  82.148  86.178  53.354  85.159
  85.473  54.363  85.254  87.508  53.418  85.116  88.029  52.564  84.974  88.228
  54.684  85.145  87.664  55.398  85.746  89.606  54.497  85.763  90.130  53.716
  85.212  90.146  55.438  85.652  89.546  54.125  87.248  88.958  54.865  87.790
  89.086  53.143  87.361  90.972  54.093  87.801  91.548  53.360  87.236  91.423
  55.077  87.671  90.985  53.718  89.282  90.401  54.452  89.838  90.495  52.751
  89.396  92.372  53.652  89.797  92.848  54.534  89.675  92.386  53.386  90.772
  92.895  52.963  89.275  88.333  55.212  83.725  89.207  54.808  82.961  87.400
  56.079  83.361  86.672  56.300  84.025  87.308  56.614  82.011  87.483  55.776
  81.336  85.896  57.160  81.793  85.484  57.383  82.777  85.969  58.101  81.247
  84.909  56.267  81.023  85.042  56.417  79.952  85.035  54.775  81.320  84.903
  54.603  82.389  84.284  54.219  80.759  86.019  54.417  81.017  83.512  56.732
  81.418  83.466  57.802  81.217  82.761  56.170  80.864  83.352  56.607  82.489
  88.346  57.712  81.723  88.618  58.568  82.572  88.878  57.725  80.491  88.767
  56.679  79.485  87.914  56.871  78.834  88.698  55.675  79.905  90.068  56.776
  78.718  89.990  56.304  77.739  90.856  56.327  79.323  90.242  58.291  78.641
  89.562  58.663  77.874  91.267  58.595  78.428  89.774  58.768  80.020  90.613
  58.832  80.714  89.065  60.122  79.929  87.850  60.163  79.723  89.792  61.246
  80.017  91.225  61.378  80.225  91.733  61.315  79.263  91.627  60.629  80.907
  91.383  62.781  80.807  92.385  63.181  80.649  91.122  62.765  81.865  90.331
  63.557  80.015  90.739  63.759  79.024  90.019  64.485  80.494  89.178  62.560
  79.900  88.467  62.696  80.715  88.472  62.698  78.555  89.078  62.432  77.517
  87.208  63.121  78.554  86.730  63.259  79.433  86.434  63.256  77.321  85.820
  64.155  77.368  87.139  63.349  76.495  85.556  62.051  76.988  84.577  62.211
  76.264  85.911  60.863  77.473  86.724  60.802  78.069  85.136  59.638  77.290
  84.577  59.702  76.356  86.069  58.420  77.224  86.658  58.372  78.140  85.262
  57.126  77.080  84.653  57.187  76.178  85.926  56.263  77.035  84.599  57.001
  77.937  87.035  58.532  76.038  87.656  59.421  76.150  87.695  57.665  76.013
  86.473  58.602  75.107  84.134  59.472  78.423  84.491  59.556  79.594  82.901
  59.126  78.080  82.646  59.136  77.102  81.846  58.850  79.052  82.294  58.647
  80.025  80.976  60.084  79.281  80.185  59.809  79.979  81.604  60.847  79.741
  80.335  60.647  78.012  81.086  60.733  77.227  79.569  59.951  77.670  79.731
  62.034  78.255  80.504  62.982  78.529  78.496  62.153  78.077  81.026  57.619
  78.680  80.961  57.203  77.523  80.407  57.006  79.686  80.490  57.396  80.614
  79.584  55.822  79.491  80.188  55.064  78.992  79.097  55.295  80.847  78.614
  56.121  81.368  78.348  54.526  80.657  80.174  54.698  81.765  80.922  55.452
  82.012  79.503  54.241  83.060  78.740  53.494  82.842  80.255  53.822  83.729
  79.031  55.089  83.556  80.862  53.509  81.092  81.376  53.830  80.187  81.604
  53.091  81.773  80.123  52.747  80.842  78.390  56.095  78.574  77.679  57.088
  78.694  78.134  55.142  77.685  78.734  54.331  77.671  76.963  55.109  76.818
  76.400  56.035  76.935  77.433  54.999  75.373  77.992  54.069  75.273  76.574
  54.969  74.703  78.067  55.850  75.123  76.022  53.962  77.201  75.074  53.665
  76.463  76.292  53.337  78.346  77.079  53.665  78.887  75.535  52.232  78.925
  74.605  52.112  78.370  76.315  50.912  78.862  75.666  50.104  79.201  76.737
  50.616  77.424  77.387  51.424  77.089  77.278  49.671  77.372  75.849  50.554
  76.795  77.550  50.943  79.756  77.281  51.124  80.797  78.004  49.953  79.715
  78.235  51.726  79.430  75.183  52.555  80.362  75.793  53.435  80.973  74.191
  51.839  80.888  73.746  51.119  80.337  73.789  52.021  82.274  73.338  53.011
  82.334  72.731  51.005  82.678  71.802  51.250  82.162  73.060  50.003  82.403
  72.537  51.081  84.072  71.869  50.447  84.343  74.994  51.917  83.219  75.810
  51.014  83.071  75.107  52.803  84.213  74.225  53.930  84.439  73.364  53.597
  85.020  73.899  54.410  83.516  75.074  54.905  85.223  74.459  55.609  85.783
  75.748  55.413  84.532  75.865  53.956  86.119  75.208  53.613  86.918  76.761
  54.426  86.523  76.191  52.782  85.191  77.140  52.943  84.680  76.260  51.473
  85.979  77.329  51.076  86.430  75.117  50.807  86.131  74.282  51.189  85.711
  74.999  49.521  86.812  75.709  49.504  87.639  73.580  49.370  87.363  72.867
  49.483  86.546  73.492  48.364  87.773  73.261  50.393  88.457  74.120  50.468
  89.124  73.126  51.366  87.985  72.020  50.015  89.286  71.740  48.802  89.451
  71.366  50.951  89.794  75.300  48.320  85.905  75.098  47.163  86.293  75.669
  48.540  84.647  75.670  49.482  84.284  76.114  47.460  83.776  75.285  46.757
  83.693  76.519  47.994  82.397  76.829  49.036  82.484  77.392  47.454  82.034
  75.402  47.861  81.358  74.491  48.318  81.744  75.712  48.426  80.479  75.143
  46.396  80.954  74.937  45.545  81.856  75.191  46.134  79.731  77.298  46.719
  84.387  78.298  47.324  84.759  77.195  45.403  84.512  76.369  44.942  84.157
  78.269  44.602  85.100  78.714  45.153  85.928  77.714  43.287  85.649  77.250
  42.732  84.835  78.826  42.439  86.268  79.316  42.997  87.065  78.421  41.501
  86.649  79.573  42.203  85.509  76.729  43.548  86.638  76.419  42.709  86.987
  79.365  44.339  84.073  79.128  43.680  83.069  80.583  44.783  84.367  80.707
  45.296  85.227  81.760  44.597  83.511  81.430  44.549  82.473  82.733  45.782
  83.672  83.185  45.729  84.662  83.858  45.692  82.632  83.429  45.728  81.630
  84.556  46.519  82.761  84.408  44.757  82.740  82.011  47.136  83.565  81.327
  47.220  84.410  82.745  47.937  83.650  81.211  47.305  82.264  80.452  46.527
  82.186  80.712  48.274  82.257  81.876  47.242  81.402  82.467  43.284  83.818
  82.845  42.537  82.917  82.648  42.991  85.102  82.310  43.637  85.801  83.269
  41.765  85.560  83.006  40.963  84.872  84.790  41.946  85.555  85.073  42.747
  86.239  85.272  41.018  85.864  85.115  42.186  84.543  82.750  41.379  86.939
  82.069  42.155  87.604  83.100  40.179  87.370  83.674  39.608  86.765  82.758
  39.621  88.663  82.878  40.377  89.438  81.308  39.133  88.630  81.186  38.398
  87.835  81.055  38.683  89.591  80.648  39.981  88.447  83.704  38.471  88.969
  84.270  37.862  88.062  83.849  38.139  90.243  83.352  38.668  90.946  84.647
  36.996  90.676  85.058  36.488  89.803  85.816  37.408  91.565  85.440  37.861
  92.482  86.682  36.195  91.914  87.076  35.755  90.998  87.505  36.508  92.557
  86.083  35.455  92.446  86.684  38.419  90.838  86.070  39.272  90.550  87.448
  38.730  91.550  87.117  37.998  89.930  83.729  36.077  91.440  83.131  36.489
  92.419  83.564  34.848  91.004  84.015  34.592  90.138  82.619  33.903  91.587
  82.075  34.419  92.379  81.603  33.446  90.541  80.987  32.663  90.985  80.628
  34.556  90.218  81.158  35.416  89.808  79.908  34.172  89.495  80.105  34.813
  91.140  82.299  32.975  89.266  82.963  32.164  89.565  81.576  32.608  88.537
  82.868  33.789  88.817  83.289  32.713  92.259  84.380  32.317  91.887  82.677
  32.154  93.299  81.368  32.524  93.793  80.668  32.741  92.986  81.466  33.398
  94.437  80.916  31.311  94.582  80.547  30.557  93.886  80.159  31.565  95.323
  82.238  30.846  95.204  82.183  29.809  95.537  82.513  31.508  96.024  83.232
  31.040  94.060  84.216  31.325  94.432  83.354  29.761  93.220  82.485  29.544
  92.409  84.409  28.948  93.389  85.438  29.184  94.378  85.018  29.571  95.307
  86.170  29.883  93.972  86.076  27.827  94.595  85.418  27.226  95.222  87.077
  27.901  95.020  86.087  27.300  93.161  86.295  26.230  93.134  86.846  27.818
  92.574  84.693  27.705  92.646  84.739  27.917  91.577  83.658  26.583  92.859
  82.484  26.853  93.031  84.111  25.316  92.860  85.100  25.158  92.733  83.234
  24.152  93.013  83.805  23.246  92.806  82.684  24.060  94.455  83.535  24.107
  95.134  82.047  24.924  94.644  81.875  22.781  94.759  81.931  22.103  93.907
  82.385  22.260  95.569  80.395  23.013  95.177  79.488  23.152  94.330  80.128
  22.848  96.389  82.134  24.186  91.969  80.992  24.030  92.321  82.472  24.394
  90.693  83.439  24.604  90.489  81.446  24.705  89.684  81.955  24.832  88.729
  80.434  23.542  89.537  80.978  22.725  89.064  80.060  23.173  90.492  79.192
  23.875  88.710  79.329  24.624  87.723  78.126  23.237  88.913  80.720  26.021
  89.956  80.103  26.240  90.987  80.710  26.917  88.976  81.176  26.709  88.105
  80.019  28.201  89.158  79.129  28.029  89.764  80.933  29.124  89.939  81.303
  28.540  90.782  82.131  29.576  89.086  81.796  30.110  88.197  82.775  30.209
  89.696  82.708  28.703  88.780  80.167  30.308  90.515  79.335  29.970  91.132
  80.888  30.796  91.170  79.777  30.961  89.734  79.524  28.789  87.856  79.341
  29.989  87.679  79.354  27.909  86.893  79.459  26.939  87.154  78.975  28.204
  85.528  77.953  28.582  85.522  79.934  29.227  84.891  80.045  30.120  85.506
  80.911  28.752  84.800  79.445  29.709  83.525  79.121  28.882  82.894  78.574
  30.346  83.681  80.532  30.517  82.821  80.830  31.631  83.335  80.944  30.106
  81.717  79.062  26.878  84.777  79.748  26.771  83.768  78.415  25.843  85.313
  78.019  25.978  86.232  78.485  24.457  84.826  77.773  23.858  85.393  78.105
  24.407  83.335  78.892  24.888  82.754  78.091  23.368  83.006  76.772  25.092
  82.982  76.857  26.173  83.099  76.579  24.901  81.926  75.590  24.573  83.818
  74.673  24.740  83.253  75.727  23.502  83.969  75.468  25.291  85.174  76.428
  25.279  85.690  75.202  26.332  84.991  74.497  24.654  86.084  74.778  23.708
  86.299  74.483  25.156  86.961  73.567  24.677  85.691  79.849  23.812  85.081
  80.867  24.481  85.242  79.859  22.476  85.089  78.992  21.969  84.981  81.084
  21.724  85.360  81.933  22.382  85.174  81.058  21.296  86.836  80.491  22.078
  87.341  80.488  20.372  86.926  82.436  21.076  87.508  82.987  20.334  86.929
  83.265  22.366  87.517  82.739  23.153  88.058  84.236  22.191  87.981  83.445
  22.717  86.501  82.280  20.492  88.937  81.725  19.556  88.884  83.270  20.337
  89.367  81.769  21.125  89.663  81.212  20.536  84.425  80.452  19.581  84.571
  82.133  20.635  83.466  82.664  21.491  83.397  82.433  19.555  82.526  81.542
  19.342  81.936  83.546  20.024  81.575  84.447  20.250  82.146  83.778  19.211
  80.887  83.237  20.906  81.014  82.848  18.266  83.270  83.998  18.180  83.705
  81.904  17.321  83.428  80.961  17.586  83.181  82.084  16.055  84.203  83.092
  16.116  84.613  81.109  16.056  85.392  81.253  16.968  85.971  80.085  16.066
  85.017  81.318  14.857  86.338  80.622  14.959  87.171  81.002  13.914  85.891
  82.762  14.794  86.888  83.088  15.728  87.678  83.463  13.770  86.732  82.195
  14.675  83.473  83.220  14.494  82.803  81.406  13.722  83.673
