1	M	151.28	117.73	33.55	118.97	32.31
2	E	107.04	79.85	27.19	30.55	76.49
3	Y	47.37	44.30	3.08	37.94	9.43
4	R	155.34	139.46	15.87	26.23	129.11
5	L	6.25	6.25	.00	6.25	.00
6	K	91.92	90.64	1.28	43.89	48.03
7	A	.01	.00	.01	.00	.01
8	Y	69.37	69.37	.00	49.81	19.56
9	Y	51.49	38.96	12.54	35.36	16.14
10	R	9.46	4.00	5.46	4.55	4.91
11	E	131.98	118.16	13.82	65.58	66.40
12	G	52.76	39.79	12.97	44.01	8.75
13	E	78.11	73.24	4.87	33.94	44.17
14	K	68.25	67.16	1.09	63.44	4.81
15	P	21.19	21.19	.00	21.19	.00
16	S	42.29	39.12	3.17	31.20	11.09
17	A	40.79	36.18	4.62	37.55	3.24
18	L	15.31	15.30	.01	15.30	.01
19	R	32.87	28.49	4.39	24.99	7.88
20	R	148.60	121.90	26.70	81.71	66.89
21	A	69.80	52.77	17.03	57.23	12.57
22	G	32.80	30.53	2.27	30.59	2.22
23	K	52.38	52.36	.02	32.03	20.34
24	L	1.38	1.38	.00	1.38	.00
25	P	.00	.00	.00	.00	.00
26	G	.10	.10	.00	.10	.00
27	L	.00	.00	.00	.00	.00
28	M	1.77	1.77	.00	1.77	.00
29	Y	1.08	1.08	.00	1.08	.00
30	N	14.82	7.03	7.79	2.59	12.23
31	R	105.41	76.74	28.67	18.85	86.56
32	H	137.13	101.84	35.29	73.39	63.74
33	L	52.27	49.18	3.09	51.23	1.05
34	N	45.38	26.92	18.46	23.65	21.73
35	R	109.11	109.11	.00	39.11	70.00
36	K	38.78	34.95	3.83	18.25	20.53
37	V	.15	.15	.00	.15	.00
38	Y	40.75	40.75	.00	8.58	32.17
39	V	.27	.27	.00	.27	.00
40	D	30.22	30.22	.00	9.32	20.91
41	L	23.92	23.92	.00	23.92	.00
42	V	110.41	110.02	.39	110.02	.39
43	E	50.38	50.38	.00	32.16	18.22
44	F	.05	.05	.00	.05	.00
45	D	60.52	55.00	5.52	29.64	30.88
46	K	152.09	149.87	2.22	100.98	51.11
47	V	20.01	20.01	.00	20.01	.00
48	F	51.81	50.02	1.79	50.02	1.79
49	R	200.21	177.37	22.84	55.89	144.32
50	Q	98.16	84.45	13.71	27.34	70.82
51	A	.09	.00	.09	.03	.06
52	S	38.62	38.61	.01	19.71	18.91
53	I	55.54	53.78	1.77	53.78	1.77
54	H	27.12	25.58	1.54	14.01	13.12
55	H	33.22	33.22	.00	10.81	22.41
56	V	14.67	13.78	.89	13.78	.89
57	I	.00	.00	.00	.00	.00
58	V	31.88	31.88	.00	31.88	.00
59	L	.00	.00	.00	.00	.00
60	E	65.61	62.70	2.92	17.77	47.85
61	L	7.65	.00	7.65	1.34	6.31
62	P	79.50	51.13	28.37	52.97	26.53
63	D	86.10	60.49	25.61	52.88	33.22
64	G	70.56	38.42	32.13	42.95	27.61
65	Q	81.55	81.22	.33	35.28	46.27
66	S	61.86	43.27	18.59	24.32	37.54
67	L	20.51	20.51	.00	20.51	.00
68	P	53.40	53.40	.00	53.40	.00
69	T	.00	.00	.00	.00	.00
70	L	1.08	1.08	.00	1.08	.00
71	V	1.98	.14	1.83	.14	1.83
72	R	44.10	29.06	15.03	15.12	28.97
73	Q	22.05	21.80	.25	21.04	1.01
74	V	30.42	12.46	17.95	12.53	17.88
75	N	20.30	20.28	.02	11.38	8.92
76	L	101.39	86.81	14.58	86.81	14.58
77	D	24.21	24.07	.13	22.03	2.17
78	K	144.71	126.80	17.91	120.52	24.19
79	R	231.23	214.05	17.17	91.43	139.80
80	R	194.70	173.29	21.42	55.09	139.61
81	R	241.00	209.13	31.86	86.08	154.92
82	R	80.64	80.44	.20	34.42	46.22
83	P	16.21	15.73	.48	15.73	.48
84	E	21.25	21.25	.00	2.52	18.74
85	H	.35	.35	.00	.00	.35
86	V	.82	.82	.00	.82	.00
87	E	.00	.00	.00	.00	.00
88	F	.00	.00	.00	.00	.00
89	F	5.93	5.93	.00	5.93	.00
90	V	5.39	4.43	.95	4.43	.95
91	L	10.98	2.10	8.87	2.48	8.49
92	S	37.26	19.23	18.03	19.58	17.68
93	D	117.63	94.12	23.52	56.01	61.63
94	E	40.92	40.79	.13	34.10	6.82
95	P	61.93	51.85	10.08	51.85	10.08
96	V	11.47	11.47	.00	11.47	.00
97	E	80.34	78.46	1.89	23.90	56.45
98	M	2.50	2.50	.00	2.50	.00
99	Y	103.62	102.99	.64	65.88	37.75
100	V	.00	.00	.00	.00	.00
101	P	35.37	35.37	.00	35.37	.00
102	L	17.75	.00	17.75	.58	17.16
103	R	134.63	134.63	.00	38.46	96.17
104	F	41.04	14.92	26.12	16.14	24.91
105	V	57.76	57.64	.12	57.66	.10
106	G	36.62	18.99	17.63	20.45	16.17
107	T	82.64	77.04	5.59	67.45	15.19
108	P	2.37	2.37	.00	2.37	.00
109	A	37.74	33.65	4.08	33.65	4.08
110	G	.00	.00	.00	.00	.00
111	V	52.69	42.43	10.26	42.43	10.26
112	R	192.50	161.07	31.43	57.42	135.08
113	A	66.43	43.31	23.12	47.67	18.76
114	G	42.36	33.28	9.08	34.02	8.34
115	G	8.34	.00	8.34	.00	8.34
116	V	56.78	56.78	.00	56.78	.00
117	L	54.10	29.37	24.73	29.37	24.73
118	Q	36.53	36.53	.00	15.39	21.13
119	E	97.50	69.18	28.32	20.32	77.18
120	I	98.04	72.79	25.26	72.83	25.22
121	H	45.24	43.66	1.58	27.30	17.93
122	R	203.32	197.25	6.07	75.27	128.05
123	D	34.29	27.20	7.09	4.66	29.63
124	I	1.05	1.05	.00	1.05	.00
125	L	31.80	30.11	1.69	30.11	1.69
126	V	.00	.00	.00	.00	.00
127	K	72.52	71.65	.87	32.66	39.87
128	V	1.55	1.55	.00	1.55	.00
129	S	35.83	34.04	1.79	12.93	22.91
130	P	31.23	17.25	13.97	18.67	12.56
131	R	218.93	190.84	28.09	69.70	149.23
132	N	67.11	58.54	8.57	15.79	51.32
133	I	28.18	9.81	18.37	9.81	18.37
134	P	15.28	14.14	1.13	14.14	1.13
135	E	75.61	63.46	12.15	48.02	27.60
136	F	86.89	77.53	9.36	77.53	9.36
137	I	2.03	2.03	.00	2.03	.00
138	E	94.29	83.19	11.10	22.31	71.98
139	V	4.34	4.34	.00	4.34	.00
140	D	75.47	56.80	18.67	29.84	45.63
141	V	1.17	1.17	.00	1.17	.00
142	S	46.15	40.31	5.83	25.76	20.39
143	G	58.28	39.03	19.25	43.46	14.82
144	L	14.60	13.57	1.03	13.57	1.03
145	E	79.49	79.49	.00	48.16	31.32
146	I	58.71	38.97	19.74	38.97	19.74
147	G	61.88	27.42	34.46	30.07	31.81
148	D	57.51	55.97	1.54	16.44	41.07
149	S	43.82	26.85	16.97	9.39	34.43
150	L	17.04	17.04	.00	17.04	.00
151	H	60.05	60.05	.00	30.47	29.58
152	A	.58	.00	.58	.00	.58
153	S	72.05	45.65	26.40	29.14	42.91
154	D	74.98	58.08	16.90	21.07	53.91
155	L	15.69	3.10	12.59	3.10	12.59
156	K	182.18	169.14	13.04	120.66	61.52
157	L	55.56	25.35	30.22	26.25	29.32
158	P	42.53	40.48	2.05	40.56	1.97
159	P	129.72	119.44	10.28	120.89	8.83
160	G	51.01	24.71	26.30	26.49	24.52
161	V	9.07	.13	8.95	.29	8.79
162	E	101.14	101.14	.00	34.27	66.87
163	L	44.96	21.79	23.17	21.79	23.17
164	A	33.40	9.50	23.89	14.04	19.36
165	V	37.34	28.32	9.02	32.54	4.80
166	S	60.90	52.41	8.49	40.27	20.63
167	P	77.60	77.08	.52	77.22	.38
168	E	142.62	133.15	9.47	55.72	86.90
169	E	65.57	65.27	.30	16.46	49.10
170	T	42.30	40.16	2.13	21.75	20.55
171	I	.00	.00	.00	.00	.00
172	A	.00	.00	.00	.00	.00
173	A	13.36	13.36	.00	13.36	.00
174	V	.14	.00	.14	.00	.14
175	V	29.58	29.58	.00	29.58	.00
176	P	66.70	66.55	.14	66.55	.14
177	P	65.43	59.54	5.89	60.03	5.40
178	E	156.34	149.38	6.95	81.36	74.98
179	D	57.45	41.72	15.74	8.64	48.82
180	V	49.04	33.62	15.42	38.02	11.02
181	E	127.10	114.63	12.46	56.51	70.59
182	K	167.74	154.98	12.76	110.51	57.23
183	L	113.00	91.65	21.35	93.65	19.36
184	A	117.43	81.24	36.19	83.36	34.06
185	E	200.27	124.32	75.94	88.45	111.82
