1	M	0	0	0	0	0	
2	E	0	0	0	0	0	
3	Y	0	0	0	0	0	
4	R	0	0	0	0	0	
5	L	0	0	0	0	0	
6	K	0	0	0	0	0	
7	A	0	0	0	0	0	
8	Y	0	0	0	0	0	
9	Y	0	0	0	0	0	
10	R	19.87	19.87	0	0	19.87	
11	E	0	0	0	0	0	
12	G	0	0	0	0	0	
13	E	0	0	0	0	0	
14	K	66.02	66.01	0	24.56	41.46	
15	P	37.6	37.6	0	37.6	0	
16	S	19.1	18.44	0.66	7.07	12.03	
17	A	0.270000000000003	0.270000000000003	0	0.270000000000003	0	
18	L	0	0	0	0	0	
19	R	26.94	26.93	0	1.43	25.51	
20	R	42.32	42.32	0	0.410000000000011	41.91	
21	A	0	0	0	0	0	
22	G	0	0	0	0	0	
23	K	0	0	0	0	0	
24	L	0	0	0	0	0	
25	P	1.63	1.63	0	1.63	0	
26	G	0	0	0	0	0	
27	L	26.89	26.89	0	26.89	0	
28	M	0	0	0	0	0	
29	Y	48.94	48.94	0	39.18	9.77	
30	N	7.18	1.64	5.54	5.91	1.27	
31	R	75.51	70.18	5.33	22.71	52.8	
32	H	0	0	0	0	0	
33	L	0	0	0	0	0	
34	N	45.72	45.72	0	5.84	39.88	
35	R	0	0	0	0	0	
36	K	31.87	31.87	0	31.87	0	
37	V	0	0	0	0	0	
38	Y	0	0	0	0	0	
39	V	0	0	0	0	0	
40	D	0	0	0	0	0	
41	L	0	0	0	0	0	
42	V	0	0	0	0	0	
43	E	0	0	0	0	0	
44	F	0	0	0	0	0	
45	D	0	0	0	0	0	
46	K	0	0	0	0	0	
47	V	0	0	0	0	0	
48	F	0	0	0	0	0	
49	R	0	0	0	0	0	
50	Q	0	0	0	0	0	
51	A	0	0	0	0	0	
52	S	0	0	0	0	0	
53	I	0	0	0	0	0	
54	H	0	0	0	0	0	
55	H	0	0	0	0	0	
56	V	0	0	0	0	0	
57	I	0	0	0	0	0	
58	V	0	0	0	0	0	
59	L	0	0	0	0	0	
60	E	0	0	0	0	0	
61	L	0	0	0	0	0	
62	P	0	0	0	0	0	
63	D	0	0	0	0	0	
64	G	0	0	0	0	0	
65	Q	0	0	0	0	0	
66	S	0	0	0	0	0	
67	L	0	0	0	0	0	
68	P	0	0	0	0	0	
69	T	0	0	0	0	0	
70	L	0	0	0	0	0	
71	V	0	0	0	0	0	
72	R	51.52	46.34	5.18	17.12	34.41	
73	Q	65.79	65.79	0	2.24	63.56	
74	V	0	0	0	0	0	
75	N	36.39	36.39	0	5.51	30.88	
76	L	0	0	0	0	0	
77	D	0	0	0	0	0	
78	K	47.95	47.95	0	5.26000000000001	42.68	
79	R	0	0	0	0	0	
80	R	0	0	0	0	0	
81	R	0	0	0	0	0	
82	R	0	0	0	0	0	
83	P	0	0	0	0	0	
84	E	38.81	38.81	0	3.97	34.84	
85	H	39.94	39.94	0	30.45	9.49	
86	V	0	0	0	0	0	
87	E	29.31	29.31	0	1.47	27.84	
88	F	0	0	0	0	0	
89	F	33.41	33.41	0	33.41	0	
90	V	0	0	0	0	0	
91	L	0	0	0	0	0	
92	S	0	0	0	0	0	
93	D	0	0	0	0	0	
94	E	5.52	5.52	0	0	5.52	
95	P	0	0	0	0	0	
96	V	0.959999999999999	0.959999999999999	0	0.959999999999999	0	
97	E	2.2	2.2	0	0.470000000000002	1.72	
98	M	0	0	0	0	0	
99	Y	0	0	0	0	0	
100	V	0	0	0	0	0	
101	P	0	0	0	0	0	
102	L	0	0	0	0	0	
103	R	0	0	0	0	0	
104	F	0	0	0	0	0	
105	V	0	0	0	0	0	
106	G	0	0	0	0	0	
107	T	0	0	0	0	0	
108	P	0	0	0	0	0	
109	A	0	0	0	0	0	
110	G	0	0	0	0	0	
111	V	0	0	0	0	0	
112	R	0	0	0	0	0	
113	A	0	0	0	0	0	
114	G	0	0	0	0	0	
115	G	0	0	0	0	0	
116	V	0	0	0	0	0	
117	L	0	0	0	0	0	
118	Q	0	0	0	0	0	
119	E	0	0	0	0	0	
120	I	0	0	0	0	0	
121	H	0	0	0	0	0	
122	R	0	0	0	0	0	
123	D	0	0	0	0	0	
124	I	0	0	0	0	0	
125	L	0	0	0	0	0	
126	V	0	0	0	0	0	
127	K	8.46000000000001	8.45999999999999	0	0	8.45	
128	V	0	0	0	0	0	
129	S	0	0	0	0	0	
130	P	0	0	0	0	0	
131	R	0	0	0	0	0	
132	N	0	0	0	0	0	
133	I	0	0	0	0	0	
134	P	0	0	0	0	0	
135	E	0	0	0	0	0	
136	F	0	0	0	0	0	
137	I	0	0	0	0	0	
138	E	0	0	0	0	0	
139	V	0	0	0	0	0	
140	D	0	0	0	0	0	
141	V	0	0	0	0	0	
142	S	0	0	0	0	0	
143	G	0	0	0	0	0	
144	L	0	0	0	0	0	
145	E	0	0	0	0	0	
146	I	0	0	0	0	0	
147	G	0	0	0	0	0	
148	D	0	0	0	0	0	
149	S	0	0	0	0	0	
150	L	0	0	0	0	0	
151	H	0	0	0	0	0	
152	A	0	0	0	0	0	
153	S	0	0	0	0	0	
154	D	0	0	0	0	0	
155	L	0	0	0	0	0	
156	K	0	0	0	0	0	
157	L	0	0	0	0	0	
158	P	0	0	0	0	0	
159	P	0	0	0	0	0	
160	G	0	0	0	0	0	
161	V	0	0	0	0	0	
162	E	0	0	0	0	0	
163	L	0	0	0	0	0	
164	A	0	0	0	0	0	
165	V	0	0	0	0	0	
166	S	0	0	0	0	0	
167	P	0	0	0	0	0	
168	E	0	0	0	0	0	
169	E	0	0	0	0	0	
170	T	0	0	0	0	0	
171	I	0	0	0	0	0	
172	A	0	0	0	0	0	
173	A	0	0	0	0	0	
174	V	0	0	0	0	0	
175	V	0	0	0	0	0	
176	P	0	0	0	0	0	
177	P	0	0	0	0	0	
178	E	0	0	0	0	0	
179	D	0	0	0	0	0	
180	V	0	0	0	0	0	
181	E	0	0	0	0	0	
182	K	0	0	0	0	0	
183	L	0	0	0	0	0	
184	A	0	0	0	0	0	
185	E	0	0	0	0	0	
