1	M	-2.2278	3.5111	2.5711	-1.1066	-0.3142	-1.7399	-2.5808	2.3276	1.2611	0.5196	-3.2504	0.9453	
2	E	0.3384	-0.3809	-0.1817	0.6043	-0.0223	0.5427	-0.3746	-0.5790	-0.5979	1.5698	-2.0956	1.7462	
3	Y	1.0361	-0.9965	-0.9938	0.7647	0.2059	0.0812	0.5305	-0.9015	-1.0104	1.3023	-0.9211	0.6931	
4	R	0.9199	-0.8969	-0.9293	0.7599	0.5892	0.7273	0.6342	-0.5307	-0.5976	0.8969	0.3851	0.3079	
5	L	-0.8824	0.3361	0.5805	0.5314	-1.0022	-1.6314	-0.4132	-0.0358	0.2120	0.8981	-0.7580	-1.2491	
6	K	0.6514	-0.4806	-0.4764	0.4196	-0.3715	0.9819	0.8941	-0.7971	-0.7839	0.8122	-0.1368	0.8807	
7	A	-0.7623	0.4471	0.5349	0.4293	-0.2177	-0.7931	-0.5989	0.3687	0.4118	0.5950	-0.0745	-0.6867	
8	Y	1.0938	-0.8835	-0.9849	0.5022	0.0764	0.8350	0.8387	-0.6887	-0.7883	0.5955	0.0979	0.5788	
9	Y	1.2017	-1.1808	-1.4089	0.6724	1.4039	1.3123	1.1118	-1.0841	-1.3219	0.6785	1.3594	1.2664	
10	R	-2.3158	2.4879	2.2828	-1.1115	-0.2841	-1.5232	-1.6064	1.8414	1.5555	-0.7865	0.2782	-0.9231	
11	E	0.6843	-0.6331	-0.6846	0.2544	0.1514	0.6578	0.9188	-0.8417	-0.9887	0.3257	0.7755	0.9920	
12	G	0.7854	-0.9672	-1.0731	0.0308	1.5682	1.1819	0.9781	-1.1065	-1.2850	0.1230	1.9371	1.4237	
13	E	1.1536	-1.1214	-1.3970	0.7161	1.2769	1.2330	1.1797	-1.1382	-1.4164	0.6662	1.5849	1.3782	
14	K	0.6444	-0.6712	-0.7292	0.1231	1.4100	1.0816	1.1022	-1.1336	-1.2001	0.3929	1.7379	1.5090	
15	P	0.9127	-0.8111	-0.8309	0.3807	1.0822	1.0302	1.0983	-1.0999	-1.1232	0.6300	1.4263	1.2614	
16	S	0.4130	-0.3729	-0.2805	0.3953	0.1316	0.5469	0.3726	-0.3581	-0.3162	0.5225	0.5212	0.6023	
17	A	0.5608	-0.6242	-0.5180	0.7647	0.2227	0.7086	0.4452	-0.4974	-0.4184	0.7895	0.4254	0.6875	
18	L	-1.2287	0.6346	0.6935	0.4245	-0.4839	-1.1996	-0.9455	0.5349	0.5725	0.5529	-0.2803	-0.8308	
19	R	-2.1559	2.3150	2.0641	-0.9656	-0.2895	-1.3341	-2.0304	2.1978	1.9844	-0.9191	-0.2801	-1.1851	
20	R	0.7635	-0.5552	-0.6203	0.3516	-0.2612	0.8638	0.3665	-0.2335	-0.2955	0.2240	-0.1009	0.6057	
21	A	0.8300	-0.6460	-0.6277	0.5363	-0.2799	0.8487	0.2778	-0.1807	-0.1629	0.3607	-0.3674	0.3537	
22	G	-2.2237	1.6590	1.8037	-2.1370	-0.2775	-1.1996	-2.2540	1.9509	1.9951	-2.3711	-0.3439	-1.2995	
23	K	1.2464	-1.0920	-1.2358	0.6869	1.6191	1.1911	0.5906	-0.4839	-0.5871	0.1066	1.0697	0.6623	
24	L	-0.6919	0.4638	0.6823	0.6092	-2.1528	-1.4420	-1.1444	0.9455	1.1360	0.0500	-1.7817	-1.6160	
25	P	-2.3188	2.7437	2.3637	-3.5952	-0.2788	-1.6583	-2.5428	2.8722	2.5920	-3.4558	-0.5633	-2.0194	
26	G	-1.2054	0.7330	0.9766	-0.1151	-0.2728	-0.5094	-1.6675	1.3912	1.5500	-0.6883	-0.5594	-1.1601	
27	L	-1.0638	0.7885	0.8765	0.4245	-0.6726	-1.0976	-1.9119	1.7286	1.7910	-0.5674	-1.0582	-1.8745	
28	M	-0.1906	-0.1147	0.2137	0.7939	-1.9395	-1.2480	-1.0951	0.9232	1.1691	-0.3688	-1.6900	-1.7368	
29	Y	-2.2503	3.0581	2.4882	-3.4688	-0.2832	-1.5500	-2.3620	3.1142	2.6705	-3.5160	-0.3709	-1.6413	
30	N	-1.9136	1.4066	1.5522	-2.0836	-0.2727	-1.0861	-1.8128	1.5110	1.6053	-2.2368	-0.1148	-1.0988	
31	R	0.4433	-0.1067	-0.0644	-0.3241	0.7741	0.8430	0.2438	0.1255	0.1563	-0.8273	0.7904	0.6256	
32	H	0.8575	-0.7130	-0.5542	0.0551	0.5314	1.3111	0.7114	-0.4770	-0.3847	-0.4915	0.9282	1.2350	
33	L	1.3113	-1.4286	-1.6972	0.8328	2.0621	1.0990	1.3588	-1.4321	-1.5920	0.5605	2.1933	1.3340	
34	N	0.6869	-0.4771	-0.3574	-0.1637	0.5119	0.8337	1.0099	-0.7740	-0.6027	0.0459	0.8236	1.0826	
35	R	1.0590	-1.0279	-1.0430	0.9348	1.0555	0.9296	1.3350	-1.2843	-1.2171	1.0885	1.1975	1.1493	
36	K	0.3177	-0.1074	0.0321	-0.1588	0.8983	0.8205	0.5538	-0.3870	-0.1828	0.2299	0.8463	0.7564	
37	V	-0.6383	0.3796	0.7418	0.6092	-2.3020	-1.4790	-0.2963	0.1439	0.5640	0.7562	-1.7880	-1.0817	
38	Y	0.7229	-0.6190	-0.5865	0.6626	0.4855	0.7689	0.8430	-0.7731	-0.6584	0.9390	0.3817	0.7469	
39	V	-0.8844	0.5230	0.8787	0.5654	-1.6710	-1.4420	-0.4507	0.1879	0.5264	0.8228	-1.2292	-0.9996	
40	D	0.4598	-0.2930	-0.1970	-0.1637	-0.3077	0.7421	0.5896	-0.4813	-0.3728	0.2188	-0.3414	0.6125	
41	L	1.2683	-1.3361	-1.6462	0.9834	1.4025	1.4660	1.2612	-1.3585	-1.5900	1.1090	1.1659	1.3280	
42	V	0.8299	-0.7966	-1.0379	0.6481	1.0021	0.7733	1.0200	-1.0326	-1.2532	0.8666	1.0120	0.8185	
43	E	0.1391	-0.1231	-0.2263	-0.0810	-0.2962	-0.0380	0.5844	-0.5384	-0.7251	0.1843	0.2123	0.3377	
44	F	-0.3377	0.1728	0.3437	-0.0130	-0.0991	-0.1422	0.2384	-0.3759	-0.3536	0.3858	0.4119	0.1790	
45	D	1.6517	-1.6055	-1.9266	0.9932	1.8415	1.0574	1.6905	-1.7140	-2.0048	1.1627	1.6222	0.8872	
46	K	0.0849	0.0383	-0.2291	-0.0081	-0.1036	-0.0661	0.4187	-0.3027	-0.5505	0.2556	0.0358	-0.0069	
47	V	0.7277	-0.9732	-0.9695	1.0369	0.1905	0.0505	1.0490	-1.2458	-1.2702	1.2135	0.3262	0.2140	
48	F	0.2277	-0.3412	-0.0552	0.4050	-0.8009	-0.5923	0.8383	-0.9095	-0.7625	0.7690	-0.2271	-0.1622	
49	R	0.5120	-0.2234	-0.3248	0.1085	-0.2997	0.6358	0.8170	-0.5954	-0.7207	0.2655	-0.0017	0.7205	
50	Q	1.2329	-1.1151	-1.2770	0.5751	0.3759	1.1228	1.5115	-1.4594	-1.6188	0.7293	0.7396	1.2760	
51	A	1.2925	-1.3726	-1.6593	0.7112	1.6378	0.9898	1.5051	-1.5326	-1.8022	0.6645	1.6625	1.1463	
52	S	-0.5276	0.2578	0.3227	-1.1212	0.4519	0.3619	0.1391	-0.2611	-0.2918	-0.8986	0.9423	0.8142	
53	I	1.2022	-1.1151	-1.3423	0.5849	2.1388	1.4966	1.4723	-1.4172	-1.6373	0.6341	2.1170	1.5756	
54	H	0.2526	0.2037	0.1184	-0.4553	0.0361	-0.1793	0.5356	-0.1710	-0.2358	-0.2532	0.3414	0.0554	
55	H	0.8467	-0.8719	-0.8470	0.2252	0.7265	0.8302	0.9854	-1.0064	-0.9446	0.2918	0.7364	0.8202	
56	V	0.2343	-0.5079	-0.3243	0.9202	-1.0612	-0.4921	0.4768	-0.7055	-0.5103	1.0722	-0.7080	-0.3819	
57	I	-0.4312	0.3196	0.6371	0.4731	-1.6026	-0.7523	-0.0357	-0.0400	0.2627	0.7007	-1.2147	-0.6223	
58	V	1.1245	-0.9934	-1.0408	0.4828	0.5204	0.7685	1.1916	-1.1963	-1.1614	0.8666	0.2720	0.5259	
59	L	-0.7532	0.2847	0.4259	0.5071	-0.6168	-1.1417	-0.2112	-0.2248	-0.0961	0.9337	-0.4389	-0.9121	
60	E	1.3122	-1.2110	-1.3773	0.6238	1.1633	1.1660	1.3917	-1.3931	-1.5134	0.8274	1.0304	1.0166	
61	L	0.2534	-0.5024	-0.4709	0.8571	-0.8447	-0.5466	0.5926	-0.8756	-0.9018	0.8835	-0.2264	-0.1819	
62	P	1.5435	-1.5030	-1.8870	0.6140	2.0021	1.3296	1.5537	-1.6233	-1.9745	0.5990	1.9053	1.3235	
63	D	-0.0006	-0.0380	0.0226	-0.7809	0.2943	0.6169	0.4939	-0.5204	-0.5482	-0.5908	0.7267	0.9948	
64	G	-0.1105	-0.2106	-0.4106	-0.6935	0.6357	0.5092	0.4116	-0.6576	-0.8887	-0.5172	1.0912	0.9504	
65	Q	0.6224	-0.3891	-0.4188	-0.1831	0.6385	1.1092	1.0653	-0.8125	-0.8868	-0.1889	1.2409	1.6017	
66	S	0.6513	-0.5309	-0.5875	0.3710	0.2544	0.9049	0.8255	-0.6948	-0.7151	0.2620	0.7080	1.2022	
67	L	1.3505	-1.1771	-1.2945	0.6238	2.2017	1.5227	1.3293	-1.1795	-1.2148	0.6218	1.9358	1.4512	
68	P	0.9247	-0.5782	-0.3974	0.0162	0.5426	1.0831	0.9823	-0.6709	-0.4056	0.2679	0.5027	0.9502	
69	T	-0.7875	0.4967	0.7808	0.4877	-0.3209	-0.8161	-0.3907	0.2487	0.6047	0.6522	-0.2198	-0.6159	
70	L	-0.4244	0.3369	0.6442	0.4439	-1.7904	-1.4790	-0.2510	0.2688	0.6562	0.4629	-1.4658	-1.3281	
71	V	-0.2088	-0.0491	0.3181	0.6140	-1.2264	-0.8978	-0.2376	0.1053	0.5805	0.5307	-1.3343	-1.0846	
72	R	0.4248	-0.0425	0.0845	-0.2852	-0.1118	0.3856	0.0209	0.3995	0.5859	-0.2993	-0.5844	-0.2815	
73	Q	-0.6508	0.7594	0.8150	-0.8976	-1.1751	-0.8301	-0.5603	0.8337	0.9010	-0.7672	-1.1606	-1.0210	
74	V	-0.0402	0.1252	0.3317	-0.0033	-0.5104	-0.3657	-0.1320	0.4345	0.5993	-0.2835	-0.4727	-0.4914	
75	N	-1.2168	1.8939	1.2847	-0.5962	-0.2078	-0.7122	-1.0564	1.9465	1.3444	-1.0265	-0.0340	-0.6119	
76	L	1.5849	-1.4003	-1.6029	0.8814	1.7034	1.0751	1.1391	-0.7943	-1.0205	0.3350	1.3359	0.6997	
77	D	-0.8982	1.3594	1.4137	-1.7919	0.0259	0.0104	-0.7537	1.3938	1.3715	-1.7964	0.1762	-0.0500	
78	K	-0.1754	0.5116	0.1008	-1.4177	0.7808	0.4493	-0.1284	0.6401	0.2424	-1.5306	0.8975	0.4606	
79	R	0.2951	-0.4426	-0.1845	0.7015	-0.6077	-0.3852	0.5266	-0.4899	-0.2751	0.3946	-0.0462	0.0302	
80	R	-0.0655	0.1701	0.4155	0.0794	-0.3381	-0.0878	0.1141	0.1156	0.3623	-0.1918	0.0358	0.1566	
81	R	0.4492	-0.3912	-0.2566	-0.4115	0.9872	1.1318	0.7348	-0.6246	-0.4700	-0.2800	1.0672	1.1476	
82	R	1.3016	-1.0992	-1.2002	0.5897	0.6379	1.2772	1.1558	-0.8317	-0.9236	0.1545	0.6938	1.0289	
83	P	0.4490	-0.5057	-0.2823	0.3564	0.5872	0.1242	0.4080	-0.2920	-0.1213	-0.0411	0.5852	-0.0121	
84	E	1.0067	-1.0472	-1.0915	0.9105	0.4478	0.3439	0.6540	-0.5301	-0.6158	0.1960	0.4804	0.0474	
85	H	-2.4066	3.6947	2.7784	-4.8104	-0.2851	-1.6314	-2.3297	3.6829	2.7944	-4.8250	-0.2006	-1.7691	
86	V	-0.3728	0.0228	0.3386	0.7064	-1.2740	-1.6314	-0.8134	0.7813	0.9477	-0.2993	-0.9467	-1.8962	
87	E	-1.7863	1.9219	1.7962	-1.8260	-0.3478	-1.0932	-1.8670	2.2819	2.0435	-2.3694	-0.2159	-1.3950	
88	F	-2.1335	2.4755	2.1913	-2.1468	-0.2861	-1.3004	-2.3045	2.8791	2.5229	-2.6720	-0.3561	-1.6947	
89	F	0.5197	-0.2309	-0.1161	-0.3678	0.5438	0.1391	0.1499	0.1808	0.2913	-0.5552	0.3683	-0.3189	
90	V	0.9944	-0.9549	-0.9954	0.8571	0.9761	0.8432	0.6711	-0.5066	-0.5339	0.4110	0.9032	0.5489	
91	L	-0.4450	0.1882	0.2961	0.6383	-1.3028	-0.8886	-0.2049	0.1613	0.2657	0.4688	-0.8182	-0.5742	
92	S	0.8004	-0.4550	-0.3984	0.3516	0.7172	0.6065	1.0599	-0.6878	-0.5666	0.4933	0.7195	0.8664	
93	D	0.9292	-0.7931	-0.6537	0.1717	0.7299	1.2078	1.0807	-0.9357	-0.7237	0.4846	0.4584	1.2199	
94	E	0.5164	-0.3634	-0.3192	0.1863	-0.5822	0.9765	0.7405	-0.5568	-0.4163	0.4285	-0.6076	1.0368	
95	P	0.3717	-0.2899	-0.1559	0.0648	0.0338	1.1280	0.6676	-0.5336	-0.3154	0.3432	-0.0620	1.2119	
96	V	-0.1968	0.0145	0.3110	0.8182	-2.0000	-0.9053	0.2968	-0.3850	-0.0714	1.0214	-1.5530	-0.2978	
97	E	0.8654	-0.7195	-0.6750	0.2884	0.1355	0.8235	0.8832	-0.7781	-0.6726	0.6037	-0.1309	0.7702	
98	M	-0.0796	-0.1284	0.0275	0.7793	-0.4836	-0.3825	0.0064	-0.1371	0.0126	0.7854	-0.4831	-0.2384	
99	Y	1.4893	-1.3141	-1.5534	0.7210	0.9328	1.3273	1.1468	-1.0593	-1.1896	0.8105	0.3555	0.8146	
100	V	-1.3024	0.9805	1.0410	0.4050	-0.8458	-1.3341	-0.9141	0.7301	0.7752	0.4501	-0.6187	-1.0071	
101	P	-0.6492	0.9854	0.6978	-1.7385	0.4402	0.3905	-0.5264	0.8322	0.6088	-1.3922	0.2987	0.2435	
102	L	-0.4911	0.1165	0.4982	0.6821	-1.9953	-1.4151	-0.3601	0.0889	0.4045	0.6429	-1.4347	-1.0869	
103	R	1.0579	-0.7318	-0.8323	0.0308	1.2888	1.4189	0.4916	-0.2954	-0.3096	-0.2263	0.8832	0.8897	
104	F	-0.2667	0.1203	0.2861	-0.0373	-0.2393	-0.0549	-0.4125	0.2944	0.4737	-0.3303	-0.1678	-0.0850	
105	V	0.2896	-0.4088	-0.3443	0.7696	0.2649	0.3482	0.0357	-0.2077	-0.0315	0.5856	0.1313	0.2268	
106	G	-1.7966	1.3353	1.5748	-1.9523	-0.2597	-0.8187	-1.4449	1.1031	1.3469	-1.7643	0.1290	-0.4170	
107	T	-0.0533	0.0641	-0.0036	0.0162	-0.0324	0.2590	-0.3660	0.2671	0.3100	-0.2882	0.1440	0.1983	
108	P	-0.5656	0.3915	0.7347	0.2349	-0.2763	0.3593	-0.7702	0.5184	0.8677	-0.0160	-0.0294	0.2243	
109	A	0.9739	-0.8728	-0.9973	0.1814	1.6555	0.9907	0.3532	-0.4005	-0.4630	-0.1778	1.3428	0.6583	
110	G	-1.5711	1.0112	1.2359	-1.4663	-0.1617	-0.6181	-1.3493	0.8850	1.0489	-1.2613	0.0589	-0.4157	
111	V	-0.2675	-0.0203	-0.0516	0.6967	-0.1622	-0.5247	-0.5366	0.1991	0.1749	0.2971	0.0343	-0.5157	
112	R	-0.5185	0.5761	0.2546	-0.2025	-0.3545	-0.1867	-0.9147	0.8258	0.5319	-0.7613	-0.1077	-0.4568	
113	A	0.9107	-0.8492	-0.9630	0.5654	0.3875	0.8303	0.0607	-0.2197	-0.3091	-0.0493	0.1116	0.1304	
114	G	-1.9662	1.4140	1.4391	-2.1565	-0.2606	-1.2903	-2.1703	1.5892	1.5968	-2.1176	-0.4381	-1.6412	
115	G	-2.1641	1.5800	1.6835	-2.2780	-0.2650	-1.4790	-2.2416	1.7171	1.7888	-2.2783	-0.3930	-1.7168	
116	V	-0.3754	0.1559	0.2415	0.7307	-1.4761	-0.8727	-0.6979	0.4591	0.5534	0.3122	-1.1046	-1.1074	
117	L	-1.2294	0.6518	0.9280	0.3759	-0.7951	-1.6314	-1.3461	0.8395	1.0777	0.0307	-0.4619	-1.7353	
118	Q	0.4850	-0.0882	-0.0983	0.2106	0.2935	0.1193	0.2874	-0.0044	0.0108	0.2433	0.4462	-0.2000	
119	E	0.6583	-0.2222	-0.3521	0.2932	1.4312	1.0238	0.7495	-0.2978	-0.4090	0.4431	1.4008	0.7251	
120	I	1.1372	-1.0653	-1.2272	0.7064	1.6636	0.5213	1.1499	-0.9778	-1.1300	0.6872	1.6736	0.4219	
121	H	0.5285	-0.6292	-0.6173	0.7696	0.6596	0.1968	0.7403	-0.6794	-0.6745	0.7749	0.7983	0.1560	
122	R	0.7233	0.0072	-0.1764	-1.1941	0.7475	0.4701	0.9162	-0.2204	-0.3948	-0.8583	0.8554	0.4382	
123	D	-0.1746	0.2371	0.1231	-0.1296	-0.5376	-0.0692	0.0252	0.0705	0.0028	0.0605	-0.4548	-0.2710	
124	I	-0.6039	0.1538	0.6042	0.6626	-1.9984	-1.7399	-0.3305	0.0294	0.4328	0.7106	-1.6750	-1.5065	
125	L	0.6825	-0.6143	-0.7620	0.3661	0.2156	0.7326	0.5766	-0.4324	-0.5098	0.1721	-0.0879	0.3013	
126	V	-0.9621	0.6584	0.9947	0.4877	-1.8937	-1.5500	-0.7872	0.5555	0.8812	0.4886	-1.5746	-1.4344	
127	K	0.9853	-0.8342	-0.8711	0.5703	0.4154	1.1575	0.5799	-0.4580	-0.4399	0.2509	0.1888	0.6082	
128	V	-0.4272	0.7947	0.7826	-1.6364	0.0856	-0.9293	-0.3380	0.7284	0.6945	-1.6317	0.2336	-0.6934	
129	S	0.1340	-0.4463	-0.4259	0.5897	1.5319	0.9127	0.0972	-0.2658	-0.2335	0.1948	1.3048	0.7732	
130	P	-1.6747	2.0109	1.7416	-2.6863	-0.1188	-0.7390	-1.3462	1.7668	1.5313	-2.5680	0.1325	-0.5276	
131	R	1.1381	-1.0941	-1.1469	0.4439	0.7323	1.2177	0.5105	-0.3656	-0.4439	-0.4150	0.6938	0.7081	
132	N	0.6154	-0.4371	-0.3394	-0.0178	0.1641	0.9661	0.1984	0.0490	0.0937	-0.6177	0.1954	0.6722	
133	I	-1.1090	0.8555	1.1070	0.4293	-1.3626	-1.6314	-1.0310	1.0243	1.1659	-0.2263	-0.9917	-1.3022	
134	P	-2.2282	2.6494	2.2415	-3.4251	-0.2645	-1.4790	-1.8478	2.3621	1.9964	-3.1054	-0.2703	-1.2577	
135	E	0.4616	-0.2560	-0.2141	-0.0907	-0.6233	0.5105	0.1690	0.0939	0.1114	-0.3344	-0.6077	0.2073	
136	F	1.2956	-1.1461	-1.2648	0.7161	1.0556	1.4229	0.6399	-0.4963	-0.5878	0.4092	0.4673	0.6307	
137	I	-1.0885	0.9038	0.9938	0.3370	-1.0223	-1.4078	-1.3285	1.3202	1.3314	-0.2000	-0.9713	-1.5229	
138	E	0.2057	-0.1701	-0.2845	0.1620	0.0717	0.4049	-0.1468	0.1892	0.1423	0.1382	-0.3840	-0.1223	
139	V	-1.0442	0.7420	0.9595	0.5217	-1.4788	-1.6314	-1.2721	1.0511	1.2667	0.4863	-1.5445	-1.8535	
140	D	-1.8863	2.0538	1.9199	-1.9864	-0.3464	-1.0932	-1.9545	2.1311	2.0558	-1.6889	-0.7323	-1.4379	
141	V	-0.8020	0.4864	0.8907	0.6140	-2.3985	-1.6314	-1.1283	0.8359	1.2102	0.4927	-2.1880	-1.8385	
142	S	-0.7746	0.7361	0.8170	0.2884	-0.6833	-0.7305	-1.0387	0.9807	1.1120	0.2194	-0.9352	-1.0583	
143	G	1.1348	-1.0842	-1.1535	0.1717	0.7660	1.3754	0.5590	-0.5814	-0.5559	0.1376	0.1122	0.6577	
144	L	-1.3467	0.7901	0.8740	0.2884	-0.3457	-1.2264	-1.3166	0.7982	0.9531	0.2941	-0.6843	-1.2821	
145	E	0.8085	-0.6792	-0.6190	0.1669	-0.1544	1.0819	0.3989	-0.3619	-0.2745	-0.0090	-0.3509	0.6655	
146	I	-0.2319	0.1132	0.3067	0.6578	-1.7750	-1.0135	-0.2954	0.1615	0.3441	0.4629	-1.4793	-0.8653	
147	G	-1.1592	0.7428	0.7978	-1.5003	-0.0540	-0.2431	-1.2246	0.8361	0.9486	-1.2940	-0.4972	-0.5697	
148	D	-0.6667	0.8415	0.7089	-1.0580	-0.6029	-0.3562	-0.6204	0.8222	0.7448	-1.0493	-0.7146	-0.4734	
149	S	0.3483	-0.3307	-0.3050	0.7793	0.0498	0.2347	0.0012	-0.0044	0.0851	0.5471	-0.3808	-0.3266	
150	L	-0.6202	0.2829	0.6443	0.6578	-2.0451	-1.3711	-0.6696	0.4012	0.7438	0.4302	-1.7249	-1.3220	
151	H	0.5676	-0.0199	-0.2691	-0.7712	1.4529	0.4263	0.2985	0.1907	0.0336	-0.7444	0.8218	0.0380	
152	A	-0.7806	0.4516	0.7654	0.5897	-1.5854	-1.7399	-0.7775	0.5178	0.8847	0.5979	-1.5989	-1.8107	
153	S	0.5948	-0.7106	-0.6342	0.5363	0.2502	1.3174	0.3786	-0.4918	-0.3301	0.5091	-0.1851	0.6631	
154	D	-0.8833	1.0596	1.0408	-1.2719	-0.5918	-0.6519	-0.6478	0.8083	0.8075	-0.9669	-0.5224	-0.7075	
155	L	-0.7770	0.3418	0.8384	0.5849	-2.0977	-1.7399	-0.6291	0.2619	0.6746	0.5243	-1.7152	-1.5819	
156	K	0.9793	-0.8369	-1.0292	0.4148	0.4949	0.9762	0.9675	-0.8878	-1.0788	0.3742	0.4817	0.8924	
157	L	0.6186	-0.9811	-1.2269	1.0320	0.6775	0.1455	0.6039	-0.9405	-1.1784	0.7270	0.6378	0.1443	
158	P	-0.0111	0.3276	-0.0038	-1.3594	0.7773	0.2160	0.1915	0.0186	-0.2787	-1.0995	0.7359	0.2195	
159	P	1.0928	-1.1378	-1.3481	0.5314	0.9251	1.3944	1.1748	-1.2403	-1.4647	0.4559	1.0699	1.4327	
160	G	-0.1061	-0.1520	-0.1127	-0.8490	0.4400	0.4364	0.1502	-0.3951	-0.3936	-0.6533	0.5305	0.4685	
161	V	-0.1352	0.1076	0.2710	0.2689	-0.3676	-0.4724	0.1747	-0.2086	-0.0971	0.2842	-0.0385	-0.2301	
162	E	0.2210	-0.1749	-0.0233	0.2932	0.0079	0.8704	0.6105	-0.6153	-0.4944	0.5231	0.2936	0.9120	
163	L	0.2802	-0.5040	-0.3996	0.8473	-1.1820	-0.9480	0.5318	-0.7312	-0.6163	0.8625	-0.7894	-0.6606	
164	A	1.0401	-1.2018	-1.3449	1.0077	0.9811	0.2536	1.2410	-1.3694	-1.4794	1.0652	0.9418	0.3495	
165	V	1.3623	-1.1760	-1.3848	0.4585	1.2711	1.0397	1.5019	-1.3389	-1.5114	0.5155	1.0734	0.9884	
166	S	-0.0200	0.1741	0.2297	-0.5233	-0.9292	0.0465	0.4872	-0.3029	-0.3089	-0.3104	-0.4316	0.2223	
167	P	0.8676	-0.7297	-0.9709	-0.2852	1.5776	1.0673	1.1677	-1.0071	-1.2547	-0.1474	1.5589	1.1100	
168	E	-0.0755	0.1880	0.2731	-0.4602	-1.1597	-0.2569	0.2154	-0.0538	0.0080	-0.3507	-0.8345	-0.1605	
169	E	0.8927	-0.7584	-0.9099	0.2932	1.2572	0.9658	0.7561	-0.6624	-0.7285	0.2982	0.7927	0.4852	
170	T	0.1053	-0.2050	-0.1866	0.5363	-0.0117	-0.1481	0.1323	-0.2293	-0.1698	0.6283	-0.0839	-0.4224	
171	I	-0.8081	0.5336	0.8834	0.5411	-2.3650	-1.8485	-0.8107	0.5569	0.9425	0.7211	-2.2266	-2.0658	
172	A	-0.6172	0.2400	0.5170	0.5849	-0.3455	-1.7399	-0.5804	0.1906	0.5119	0.9390	-0.5665	-1.9597	
173	A	-0.0433	0.0072	0.0056	0.5217	-0.2899	-0.2797	-0.2285	0.0810	0.1986	0.8414	-0.5772	-0.8671	
174	V	-1.1063	0.8296	1.1735	0.4536	-2.0982	-1.7399	-1.2874	1.0410	1.3743	0.3683	-1.9457	-2.0858	
175	V	0.6318	-0.8926	-0.8921	1.0466	0.3145	-0.0683	0.2394	-0.4701	-0.4252	0.8572	0.0637	-0.5053	
176	P	-0.0017	-0.0666	-0.0435	-0.0762	0.7676	0.5254	-0.0461	0.0288	0.0362	-0.0587	0.5295	0.2889	
177	P	-1.8497	2.2557	1.8216	-2.9245	-0.2234	-0.8357	-1.4546	1.8700	1.4633	-2.4611	-0.0400	-0.6915	
178	E	0.5725	-0.3459	-0.2441	0.4585	-0.3572	0.5966	0.5514	-0.3276	-0.3278	0.3333	0.0602	0.6782	
179	D	1.2848	-1.2709	-1.4263	0.8230	0.8628	1.2135	0.9849	-0.9239	-1.1408	0.4945	0.8955	1.1773	
180	V	0.3934	-0.4901	-0.6902	0.4682	1.2912	0.4723	0.4128	-0.4305	-0.7080	0.3233	1.2974	0.6062	
181	E	-0.2614	0.2314	0.1208	0.0259	-0.2183	0.4938	0.0992	-0.1147	-0.2602	0.3403	0.2206	0.7577	
182	K	-0.5071	0.4788	0.3415	-0.1637	-0.3719	0.0809	-0.3355	0.3121	0.1521	0.0161	0.0559	0.2070	
183	L	1.1617	-1.3100	-1.4476	0.9834	1.5489	0.6024	0.5549	-1.2395	-1.4280	1.3350	0.3498	1.2811	
184	A	-0.0498	-0.0912	0.0228	0.3127	0.2169	0.3691	-0.7264	-0.4225	-0.4588	1.1674	-1.8231	1.8478	
185	E	-1.5642	1.5750	1.7826	-0.9122	-0.8309	-1.4420	-2.1729	0.6760	0.6507	0.5868	-3.6239	1.1782	
