1	M	-2.2276	3.5031	2.5649	-1.1054	-0.3199	-1.7361	-2.5715	2.3158	1.2540	0.5206	-3.2424	0.9333	
2	E	0.3661	-0.3991	-0.1935	0.5643	-0.0189	0.4489	-0.3521	-0.5925	-0.6039	1.5389	-2.0865	1.6721	
3	Y	1.0386	-0.9993	-0.9973	0.8126	0.1782	0.1559	0.5296	-0.9012	-1.0085	1.3476	-0.9368	0.7628	
4	R	0.9183	-0.8988	-0.9273	0.7250	0.6221	0.6692	0.6285	-0.5297	-0.5919	0.8668	0.4093	0.2644	
5	L	-0.9139	0.3627	0.6095	0.5643	-1.0160	-1.5200	-0.4434	-0.0085	0.2412	0.9230	-0.7745	-1.1594	
6	K	0.6387	-0.4696	-0.4648	0.4475	-0.3476	1.0659	0.8704	-0.7771	-0.7634	0.8487	-0.1297	0.9721	
7	A	-0.7747	0.4559	0.5419	0.3891	-0.2261	-0.8979	-0.6192	0.3850	0.4264	0.5685	-0.0891	-0.7499	
8	Y	1.0661	-0.8596	-0.9657	0.4864	-0.0014	0.8360	0.8035	-0.6586	-0.7628	0.5995	0.0253	0.6131	
9	Y	1.1816	-1.1609	-1.3884	0.7639	1.3745	1.4374	1.0884	-1.0618	-1.2998	0.7610	1.3242	1.3674	
10	R	-2.3156	2.4823	2.2773	-1.1102	-0.2899	-1.5200	-1.6021	1.8329	1.5446	-0.7767	0.2667	-0.9144	
11	E	0.6856	-0.6351	-0.6893	0.3015	0.1263	0.7394	0.9148	-0.8406	-0.9877	0.3714	0.7386	1.0567	
12	G	0.8112	-0.9839	-1.0904	-0.0344	1.5856	1.0258	0.9948	-1.1181	-1.2934	0.0749	1.9388	1.3019	
13	E	1.1910	-1.1606	-1.4503	0.7688	1.3436	1.3309	1.2079	-1.1726	-1.4582	0.7124	1.6300	1.4537	
14	K	0.6009	-0.6384	-0.6592	0.0629	1.3042	0.9403	1.0639	-1.1063	-1.1404	0.3510	1.6537	1.3990	
15	P	0.8986	-0.7961	-0.8095	0.3696	1.0869	1.0269	1.0829	-1.0871	-1.1024	0.6241	1.4269	1.2504	
16	S	0.4184	-0.3918	-0.2996	0.4475	0.1608	0.6618	0.3713	-0.3726	-0.3279	0.5779	0.5387	0.7019	
17	A	0.5344	-0.6038	-0.5027	0.8223	0.2088	0.7239	0.4111	-0.4723	-0.3939	0.8446	0.3996	0.6944	
18	L	-1.2292	0.6331	0.6920	0.4280	-0.4891	-1.1973	-0.9564	0.5429	0.5851	0.5709	-0.2870	-0.8127	
19	R	-2.1557	2.3097	2.0592	-0.9642	-0.2952	-1.3314	-2.0368	2.1982	1.9890	-0.9013	-0.2884	-1.1659	
20	R	0.7329	-0.5309	-0.6011	0.3648	-0.3031	0.8294	0.3280	-0.2024	-0.2637	0.2451	-0.1417	0.5831	
21	A	0.7834	-0.5948	-0.5294	0.5449	-0.2760	0.8903	0.2296	-0.1300	-0.0691	0.3667	-0.3735	0.3772	
22	G	-2.2235	1.6552	1.7994	-2.1374	-0.2833	-1.1973	-2.2694	1.9642	2.0172	-2.3723	-0.3577	-1.3025	
23	K	1.2299	-1.0829	-1.2207	0.6860	1.5969	1.2004	0.5555	-0.4561	-0.5449	0.1047	1.0416	0.6633	
24	L	-0.6945	0.4633	0.6843	0.5741	-2.1635	-1.5468	-1.1601	0.9593	1.1617	0.0234	-1.7937	-1.6869	
25	P	-2.4063	2.8333	2.4885	-3.5929	-0.2890	-1.6279	-2.6170	2.9510	2.7034	-3.4550	-0.5800	-2.0008	
26	G	-1.2059	0.7313	0.9744	-0.1123	-0.2786	-0.5088	-1.6752	1.3972	1.5603	-0.6878	-0.5729	-1.1651	
27	L	-1.0548	0.7780	0.8677	0.4718	-0.6817	-0.9889	-1.9097	1.7255	1.7935	-0.5293	-1.0716	-1.7954	
28	M	-0.1910	-0.1133	0.2159	0.7639	-1.9681	-1.3527	-1.1049	0.9335	1.1824	-0.3796	-1.7165	-1.7936	
29	Y	-2.2501	3.0512	2.4821	-3.4712	-0.2890	-1.5468	-2.3542	3.0978	2.6520	-3.5070	-0.3764	-1.6215	
30	N	-1.9136	1.4034	1.5485	-2.0838	-0.2785	-1.0840	-1.8065	1.5004	1.5908	-2.2226	-0.1218	-1.0705	
31	R	0.4166	-0.0856	-0.0541	-0.2243	0.7681	1.0159	0.2236	0.1373	0.1563	-0.7282	0.7890	0.7881	
32	H	0.8970	-0.7672	-0.6262	0.0240	0.5780	1.2721	0.7411	-0.5242	-0.4488	-0.4983	0.9651	1.2399	
33	L	1.3097	-1.4261	-1.6957	0.8661	2.0456	1.1863	1.3516	-1.4295	-1.5943	0.6101	2.1866	1.4392	
34	N	0.6881	-0.4830	-0.3592	-0.1074	0.5695	0.9579	1.0012	-0.7753	-0.6056	0.1152	0.8730	1.2091	
35	R	1.0488	-1.0119	-1.0277	0.9392	1.0212	0.9004	1.3230	-1.2725	-1.2098	1.1025	1.1798	1.1410	
36	K	0.2904	-0.0956	0.0311	-0.1415	0.9406	0.8394	0.5339	-0.3803	-0.1913	0.2580	0.8783	0.7785	
37	V	-0.6785	0.4083	0.7703	0.6130	-2.3158	-1.5468	-0.3165	0.1555	0.5702	0.7703	-1.7897	-1.1431	
38	Y	0.7536	-0.6453	-0.6164	0.6666	0.4949	0.8082	0.8777	-0.8037	-0.6946	0.9376	0.3828	0.7389	
39	V	-0.8118	0.4668	0.7974	0.5595	-1.6970	-1.5468	-0.3759	0.1264	0.4413	0.8019	-1.2439	-1.1294	
40	D	0.5284	-0.3607	-0.2642	-0.1512	-0.2852	0.6787	0.6603	-0.5492	-0.4385	0.2100	-0.3385	0.5123	
41	L	1.2843	-1.3296	-1.6245	0.9100	1.3539	1.3293	1.2913	-1.3661	-1.5827	1.0265	1.1178	1.1775	
42	V	0.8579	-0.8250	-1.0703	0.5595	1.0451	0.6515	1.0566	-1.0661	-1.2867	0.7855	1.0277	0.7001	
43	E	0.1242	-0.0939	-0.1698	-0.0928	-0.4153	-0.0355	0.5789	-0.5183	-0.6786	0.1737	0.1138	0.3398	
44	F	-0.3579	0.1889	0.3663	-0.0198	-0.0750	-0.1425	0.2252	-0.3615	-0.3308	0.3679	0.4336	0.1759	
45	D	1.6511	-1.6064	-1.9277	1.1144	1.8079	1.2768	1.6890	-1.7130	-2.0016	1.2669	1.6039	1.0822	
46	K	0.0761	0.0448	-0.2313	0.0337	-0.0813	0.0354	0.4069	-0.2901	-0.5415	0.3065	0.0524	0.1161	
47	V	0.7575	-0.9966	-0.9992	0.9538	0.3445	-0.0404	1.0695	-1.2615	-1.2905	1.1552	0.4534	0.1761	
48	F	0.2390	-0.3468	-0.0603	0.4524	-0.8041	-0.4886	0.8389	-0.9067	-0.7578	0.8253	-0.2238	-0.0327	
49	R	0.4812	-0.1864	-0.2799	0.1311	-0.3421	0.6889	0.7816	-0.5553	-0.6724	0.2983	-0.0278	0.8042	
50	Q	1.2471	-1.1309	-1.2913	0.5303	0.3797	1.0326	1.5139	-1.4622	-1.6193	0.7025	0.7451	1.2452	
51	A	1.2212	-1.3181	-1.5846	0.7444	1.5884	1.1242	1.4370	-1.4753	-1.7278	0.7259	1.6107	1.3241	
52	S	-0.5550	0.2830	0.3500	-1.0226	0.4191	0.5299	0.1069	-0.2286	-0.2573	-0.7832	0.9069	1.0170	
53	I	1.2280	-1.1177	-1.3654	0.6033	2.1452	1.5785	1.4902	-1.4159	-1.6535	0.6686	2.1266	1.6849	
54	H	0.2550	0.2023	0.1125	-0.3508	0.0359	0.0259	0.5359	-0.1695	-0.2389	-0.1445	0.3455	0.2606	
55	H	0.8436	-0.8688	-0.8461	0.2625	0.7527	0.9209	0.9938	-1.0140	-0.9604	0.3474	0.7759	0.9240	
56	V	0.3018	-0.5582	-0.3838	0.8321	-0.9385	-0.6690	0.5515	-0.7660	-0.5899	1.0183	-0.5802	-0.4826	
57	I	-0.4283	0.3126	0.6342	0.4426	-1.6285	-0.8556	-0.0141	-0.0658	0.2297	0.6843	-1.1857	-0.6924	
58	V	1.1722	-1.0594	-1.1330	0.5449	0.6235	0.8009	1.2509	-1.2728	-1.2692	0.9218	0.4077	0.5564	
59	L	-0.6956	0.2342	0.3282	0.5741	-0.5129	-0.9393	-0.1286	-0.3011	-0.2241	0.9996	-0.2912	-0.7482	
60	E	1.3089	-1.2114	-1.3813	0.5497	1.2725	1.0061	1.4031	-1.4081	-1.5258	0.7791	1.1391	0.9016	
61	L	0.3018	-0.5392	-0.5202	0.9100	-0.7221	-0.3849	0.6427	-0.9170	-0.9498	0.9405	-0.1076	-0.0439	
62	P	1.6502	-1.5956	-2.0083	0.7055	2.1257	1.4179	1.6488	-1.7081	-2.0746	0.6902	2.0148	1.4111	
63	D	-0.1086	0.0726	0.2898	-0.8328	0.0333	0.4891	0.4177	-0.4366	-0.3285	-0.6299	0.5403	0.8815	
64	G	-0.1404	-0.1830	-0.3960	-0.7354	0.5928	0.4133	0.4013	-0.6463	-0.8783	-0.5381	1.0525	0.8754	
65	Q	0.6808	-0.4456	-0.4740	-0.1074	0.6777	1.2121	1.1297	-0.8775	-0.9494	-0.1234	1.2559	1.6490	
66	S	0.6669	-0.5442	-0.6109	0.3550	0.2477	0.8199	0.8527	-0.7219	-0.7509	0.2387	0.6824	1.0931	
67	L	1.3860	-1.2197	-1.3507	0.6325	2.1790	1.4815	1.3778	-1.2379	-1.2971	0.6235	1.9141	1.3788	
68	P	1.0312	-0.6830	-0.5911	-0.0344	0.5988	0.9515	1.0922	-0.7847	-0.6021	0.2182	0.5566	0.8111	
69	T	-0.7159	0.4289	0.6722	0.4816	-0.2651	-0.8147	-0.3188	0.1783	0.4951	0.6317	-0.1788	-0.6588	
70	L	-0.4730	0.3777	0.7304	0.4280	-1.8857	-1.5836	-0.2758	0.2884	0.7062	0.4363	-1.5348	-1.4439	
71	V	-0.1968	-0.0547	0.3151	0.5595	-1.1307	-0.9609	-0.2173	0.0887	0.5620	0.4802	-1.2606	-1.1539	
72	R	0.3626	0.0248	0.2018	-0.2778	-0.2005	0.4107	-0.0309	0.4551	0.6874	-0.2983	-0.6557	-0.2792	
73	Q	-0.6516	0.7576	0.8132	-0.8960	-1.1782	-0.8287	-0.5726	0.8429	0.9216	-0.7767	-1.1734	-1.0454	
74	V	-0.0261	0.0958	0.3050	0.0775	-0.5239	-0.2802	-0.1306	0.4212	0.5938	-0.2222	-0.4795	-0.4254	
75	N	-1.2268	1.9005	1.2901	-0.6526	-0.2153	-0.8165	-1.0704	1.9585	1.3562	-1.0809	-0.0427	-0.6959	
76	L	1.5656	-1.3761	-1.5761	0.8272	1.7031	0.9994	1.1263	-0.7757	-1.0076	0.2685	1.3526	0.6155	
77	D	-0.9215	1.3957	1.4445	-1.7723	0.0687	0.1296	-0.7657	1.4195	1.3836	-1.7950	0.2241	0.0281	
78	K	-0.1496	0.4887	0.0328	-1.4753	0.8231	0.3704	-0.1101	0.6277	0.1870	-1.6085	0.9454	0.3726	
79	R	0.3523	-0.4750	-0.2408	0.5935	-0.4894	-0.5555	0.5717	-0.5102	-0.3212	0.2691	0.0694	-0.1320	
80	R	-0.0683	0.1714	0.4127	0.1262	-0.3645	-0.0006	0.1125	0.1214	0.3576	-0.1807	0.0370	0.1981	
81	R	0.4010	-0.3423	-0.1936	-0.4482	0.9874	1.1192	0.6976	-0.5822	-0.4226	-0.3328	1.0774	1.1135	
82	R	1.3237	-1.1070	-1.2035	0.4913	0.7225	1.1457	1.1701	-0.8336	-0.9218	0.0562	0.7622	0.9111	
83	P	0.4258	-0.4875	-0.2617	0.3550	0.5240	0.0711	0.3827	-0.2707	-0.0959	-0.0398	0.5309	-0.0365	
84	E	0.9967	-1.0389	-1.0804	0.9830	0.4028	0.4901	0.6421	-0.5208	-0.5993	0.2416	0.4418	0.1506	
85	H	-2.4063	3.6864	2.7716	-4.8147	-0.2909	-1.6279	-2.3213	3.6663	2.7833	-4.8389	-0.2096	-1.7747	
86	V	-0.3648	0.0138	0.3318	0.7493	-1.2774	-1.5200	-0.8083	0.7707	0.9418	-0.2503	-0.9585	-1.7822	
87	D	-1.7576	1.8874	1.7768	-1.9280	-0.3554	-1.2583	-1.8427	2.2483	2.0252	-2.4419	-0.2218	-1.4947	
88	F	-2.1334	2.4699	2.1860	-2.1471	-0.2918	-1.2977	-2.2952	2.8621	2.5090	-2.6665	-0.3464	-1.6715	
89	F	0.4890	-0.2183	-0.0998	-0.2681	0.5761	0.3223	0.1292	0.1836	0.2993	-0.4650	0.4049	-0.1561	
90	V	0.9760	-0.9374	-0.9775	0.8564	1.0077	0.8147	0.6520	-0.4902	-0.5130	0.4001	0.9358	0.5228	
91	L	-0.3966	0.1442	0.2522	0.6471	-1.2160	-0.8176	-0.1706	0.1279	0.2355	0.4826	-0.7429	-0.5117	
92	S	0.7987	-0.4541	-0.3971	0.3550	0.7084	0.6043	1.0518	-0.6818	-0.5576	0.4978	0.7175	0.8606	
93	D	0.8749	-0.7283	-0.5705	0.0775	0.7011	1.1128	1.0269	-0.8684	-0.6351	0.3872	0.4270	1.0973	
94	E	0.5350	-0.3857	-0.3387	0.2236	-0.5979	0.9034	0.7474	-0.5637	-0.4133	0.4422	-0.6280	0.9351	
95	P	0.3716	-0.2822	-0.1486	0.0240	-0.0093	1.0398	0.6509	-0.5076	-0.2834	0.2890	-0.1097	1.0903	
96	V	-0.2669	0.1015	0.4414	0.7542	-2.1088	-1.1170	0.2237	-0.2903	0.0671	0.9452	-1.6569	-0.5139	
97	E	0.8699	-0.7231	-0.6759	0.2917	0.1655	0.8272	0.8736	-0.7646	-0.6490	0.5960	-0.1312	0.7328	
98	M	-0.1111	-0.1005	0.0478	0.7688	-0.4551	-0.3822	-0.0404	-0.0860	0.0618	0.7586	-0.4883	-0.2701	
99	Y	1.4690	-1.2765	-1.4863	0.7055	0.8335	1.3338	1.1114	-1.0044	-1.1072	0.7814	0.2622	0.7944	
100	V	-1.3028	0.9783	1.0386	0.4086	-0.8499	-1.3314	-0.9252	0.7438	0.7883	0.4422	-0.6317	-1.0071	
101	P	-0.7267	1.0724	0.7612	-1.7625	0.3831	0.3881	-0.6022	0.9232	0.6784	-1.4230	0.2424	0.2496	
102	L	-0.4451	0.0778	0.4490	0.6568	-1.9620	-1.4390	-0.3339	0.0735	0.3806	0.6136	-1.4264	-1.0970	
103	R	1.0228	-0.6974	-0.7887	0.0094	1.2574	1.4049	0.4612	-0.2598	-0.2677	-0.2532	0.8501	0.8827	
104	F	-0.2903	0.1559	0.3122	-0.0344	-0.2335	0.0464	-0.4349	0.3336	0.5050	-0.3392	-0.1773	-0.0034	
105	V	0.3041	-0.4213	-0.3508	0.7834	0.2445	0.3466	0.0487	-0.2161	-0.0327	0.5919	0.1041	0.2254	
106	G	-1.7355	1.2929	1.5542	-1.9767	-0.2633	-0.8431	-1.4018	1.0773	1.3430	-1.7746	0.1105	-0.4085	
107	T	-0.0806	0.0915	0.0351	-0.0003	-0.0897	0.2424	-0.3818	0.2872	0.3383	-0.2919	0.0916	0.2025	
108	P	-0.5863	0.4008	0.7381	0.2625	-0.3128	0.3357	-0.7739	0.5158	0.8615	0.0187	-0.0715	0.2118	
109	A	0.9323	-0.8348	-0.9527	0.2820	1.6533	1.2118	0.3325	-0.3803	-0.4365	-0.0936	1.3260	0.8189	
110	G	-1.4905	0.9393	1.1300	-1.4851	-0.1364	-0.7213	-1.2687	0.8094	0.9376	-1.2739	0.0772	-0.5056	
111	V	-0.2372	-0.0490	-0.0701	0.7104	-0.2075	-0.5240	-0.5037	0.1658	0.1452	0.3141	0.0052	-0.5222	
112	R	-0.4866	0.5470	0.2246	-0.2875	-0.3578	-0.3490	-0.8774	0.7897	0.4915	-0.8305	-0.1021	-0.5877	
113	A	0.9838	-0.9286	-1.1048	0.5692	0.5046	0.8275	0.1327	-0.2992	-0.4418	-0.0608	0.2090	0.0963	
114	G	-2.0504	1.4933	1.5618	-2.1520	-0.2701	-1.2877	-2.2191	1.6391	1.6801	-2.1238	-0.4384	-1.6491	
115	G	-2.1639	1.5764	1.6794	-2.2785	-0.2708	-1.4759	-2.2263	1.7010	1.7669	-2.2817	-0.3847	-1.7127	
116	V	-0.3770	0.1616	0.2578	0.6909	-1.4543	-0.8979	-0.6884	0.4525	0.5519	0.2796	-1.0715	-1.1148	
117	L	-1.1668	0.5996	0.8710	0.3940	-0.8106	-1.5468	-1.2944	0.7962	1.0346	0.0503	-0.4717	-1.6473	
118	Q	0.4931	-0.1009	-0.1408	0.2820	0.3042	0.2235	0.3117	-0.0310	-0.0429	0.3001	0.4630	-0.1177	
119	E	0.6829	-0.2505	-0.3643	0.2431	1.4579	0.9603	0.7813	-0.3312	-0.4317	0.4083	1.4297	0.6923	
120	I	1.1220	-1.0491	-1.2099	0.7396	1.6470	0.6004	1.1330	-0.9576	-1.1084	0.7317	1.6634	0.5057	
121	H	0.6148	-0.6930	-0.7028	0.7104	0.7292	0.0198	0.7970	-0.7190	-0.7303	0.7440	0.8554	0.0429	
122	R	0.6839	0.0507	-0.1287	-1.1054	0.7571	0.6205	0.8728	-0.1716	-0.3391	-0.7721	0.8575	0.5627	
123	D	-0.3224	0.3819	0.3064	-0.0928	-0.5776	-0.0492	-0.1070	0.2081	0.1711	0.1129	-0.4884	-0.2287	
124	I	-0.6052	0.1528	0.6016	0.7006	-1.9950	-1.6279	-0.3438	0.0464	0.4488	0.7569	-1.6717	-1.3979	
125	L	0.6838	-0.6150	-0.7656	0.3745	0.1291	0.6735	0.5488	-0.4000	-0.4782	0.1965	-0.1623	0.3012	
126	V	-0.9869	0.6851	1.0150	0.5205	-1.8740	-1.4390	-0.8299	0.6052	0.9258	0.5188	-1.5720	-1.3284	
127	K	0.9955	-0.8307	-0.8670	0.5449	0.4241	1.1795	0.5820	-0.4480	-0.4302	0.2334	0.1862	0.6454	
128	V	-0.4692	0.8550	0.8262	-1.6700	0.0764	-0.8721	-0.3809	0.7880	0.7428	-1.6640	0.2144	-0.6408	
129	S	0.1166	-0.4337	-0.4138	0.5546	1.5028	0.8124	0.0686	-0.2401	-0.2062	0.1679	1.2764	0.7233	
130	P	-1.6426	1.9651	1.7172	-2.6387	-0.1063	-0.7009	-1.3299	1.7386	1.5236	-2.5285	0.1344	-0.4805	
131	R	1.0842	-1.0527	-1.0747	0.4134	0.7037	1.2139	0.4539	-0.3207	-0.3715	-0.4387	0.6627	0.7196	
132	N	0.5806	-0.4065	-0.3183	0.0483	0.1460	1.0994	0.1599	0.0793	0.1200	-0.5539	0.1732	0.7909	
133	I	-1.1095	0.8535	1.1044	0.4329	-1.3652	-1.6279	-1.0379	1.0264	1.1719	-0.2158	-0.9950	-1.2837	
134	P	-2.2280	2.6434	2.2361	-3.4274	-0.2703	-1.4759	-1.8604	2.3688	2.0047	-3.1064	-0.2726	-1.2434	
135	E	0.4407	-0.2407	-0.2049	-0.0734	-0.6299	0.5682	0.1412	0.1164	0.1262	-0.3152	-0.6077	0.2637	
136	F	1.2950	-1.1356	-1.2477	0.6763	1.0793	1.3239	0.6309	-0.4807	-0.5682	0.3726	0.4899	0.5498	
137	I	-1.1276	0.9421	1.0201	0.3258	-0.9670	-1.4049	-1.3633	1.3557	1.3552	-0.2129	-0.9235	-1.5230	
138	E	0.2044	-0.1698	-0.2835	0.1652	0.0648	0.4032	-0.1512	0.1911	0.1449	0.1404	-0.3844	-0.1269	
139	V	-1.0447	0.7403	0.9573	0.5254	-1.4810	-1.6279	-1.2707	1.0478	1.2641	0.4814	-1.5404	-1.8711	
140	D	-1.8863	2.0491	1.9153	-1.9864	-0.3519	-1.0911	-1.9552	2.1265	2.0528	-1.6962	-0.7342	-1.4449	
141	V	-0.7724	0.4450	0.8625	0.6374	-2.4163	-1.6279	-1.0969	0.7924	1.1785	0.5042	-2.2032	-1.8443	
142	S	-0.7713	0.7315	0.8182	0.2431	-0.6958	-0.8352	-1.0283	0.9670	1.1043	0.1731	-0.9483	-1.1493	
143	G	1.0977	-1.0516	-1.1113	0.1360	0.7680	1.3830	0.5393	-0.5682	-0.5342	0.1024	0.1122	0.6532	
144	L	-1.2917	0.7357	0.8049	0.2723	-0.3508	-1.2240	-1.2585	0.7378	0.8822	0.2837	-0.6881	-1.2781	
145	E	0.8068	-0.6778	-0.6172	0.1700	-0.1605	1.0784	0.4065	-0.3723	-0.2836	-0.0111	-0.3582	0.6518	
146	I	-0.1855	0.0624	0.2501	0.6860	-1.7405	-1.0116	-0.2478	0.1064	0.2826	0.4855	-1.4511	-0.8736	
147	G	-1.1497	0.7329	0.7888	-1.4315	-0.0567	-0.1396	-1.1997	0.8098	0.9194	-1.2277	-0.4986	-0.4873	
148	D	-0.6539	0.8240	0.7040	-1.1005	-0.6410	-0.4605	-0.6038	0.7995	0.7304	-1.0698	-0.7446	-0.5438	
149	S	0.3558	-0.3465	-0.3411	0.7639	0.0714	0.1326	0.0139	-0.0260	0.0457	0.5492	-0.3708	-0.3944	
150	L	-0.6185	0.2838	0.6420	0.7006	-2.0483	-1.2609	-0.6658	0.3993	0.7370	0.4802	-1.7398	-1.2226	
151	H	0.5375	0.0094	-0.2419	-0.7305	1.4226	0.5167	0.2834	0.2025	0.0371	-0.6972	0.7848	0.1214	
152	A	-0.7683	0.4400	0.7594	0.5935	-1.6270	-1.7361	-0.7582	0.4979	0.8603	0.6194	-1.6367	-1.7818	
153	S	0.5906	-0.7034	-0.6350	0.5546	0.2041	1.3257	0.3809	-0.4919	-0.3424	0.5434	-0.2293	0.7022	
154	D	-0.7999	0.9668	0.9046	-1.2125	-0.5768	-0.5459	-0.5735	0.7235	0.6839	-0.9060	-0.5202	-0.6152	
155	L	-0.7777	0.3410	0.8365	0.5887	-2.0981	-1.7361	-0.6199	0.2527	0.6586	0.5387	-1.7241	-1.5679	
156	K	0.9743	-0.8262	-1.0143	0.4037	0.5073	0.9473	0.9666	-0.8823	-1.0759	0.3738	0.4800	0.8768	
157	L	0.6271	-0.9900	-1.2316	1.0073	0.6784	0.0419	0.6100	-0.9474	-1.1876	0.7235	0.6281	0.0849	
158	P	-0.0312	0.3544	0.0154	-1.3147	0.7341	0.3151	0.1657	0.0499	-0.2550	-1.0434	0.6891	0.3158	
159	P	1.0778	-1.1180	-1.3317	0.5157	0.8917	1.3748	1.1643	-1.2243	-1.4555	0.4562	1.0264	1.4252	
160	G	-0.1511	-0.1151	-0.0824	-0.7597	0.4012	0.5722	0.1092	-0.3588	-0.3633	-0.5586	0.4795	0.6094	
161	V	-0.1425	0.1046	0.2655	0.3355	-0.3921	-0.3908	0.1662	-0.2063	-0.0973	0.3545	-0.0675	-0.1341	
162	E	0.3407	-0.2743	-0.1477	0.2577	-0.0251	0.7815	0.6933	-0.6831	-0.5742	0.4878	0.2572	0.8449	
163	L	0.1926	-0.4279	-0.2843	0.8856	-1.2097	-0.7408	0.4570	-0.6604	-0.5062	0.8850	-0.8141	-0.4975	
164	A	1.0741	-1.2205	-1.3600	0.9392	1.0805	0.1245	1.2654	-1.3787	-1.4757	0.9862	1.0138	0.2345	
165	V	1.2739	-1.0805	-1.2288	0.3404	1.2226	0.8760	1.4300	-1.2544	-1.3689	0.3855	1.0377	0.8368	
166	S	0.0130	0.1516	0.2135	-0.5748	-0.9045	0.0088	0.4978	-0.3018	-0.2896	-0.3831	-0.4043	0.1782	
167	P	0.8677	-0.7232	-0.9626	-0.2924	1.5846	1.0708	1.1605	-0.9902	-1.2274	-0.1872	1.5724	1.0744	
168	E	-0.0771	0.1899	0.2735	-0.4725	-1.1629	-0.2570	0.2052	-0.0400	0.0285	-0.3860	-0.8356	-0.1832	
169	E	0.8768	-0.7338	-0.8816	0.2674	1.2856	0.9539	0.7429	-0.6402	-0.7024	0.2667	0.8183	0.4715	
170	T	0.1041	-0.2046	-0.1859	0.5400	-0.0183	-0.1485	0.1310	-0.2281	-0.1693	0.6171	-0.0823	-0.4379	
171	I	-0.8088	0.5323	0.8814	0.5449	-2.3646	-1.8445	-0.8102	0.5550	0.9380	0.7118	-2.2148	-2.0769	
172	A	-0.6209	0.2411	0.5166	0.5935	-0.3411	-1.7361	-0.5808	0.1883	0.5066	0.9277	-0.5522	-1.9873	
173	A	-0.0204	-0.0208	-0.0314	0.4329	-0.2580	-0.4194	-0.2085	0.0533	0.1620	0.7469	-0.5476	-1.0171	
174	V	-1.1123	0.8306	1.1718	0.4621	-2.0748	-1.7361	-1.2881	1.0357	1.3644	0.3451	-1.9205	-2.1346	
175	V	0.6472	-0.9145	-0.9156	0.9830	0.3307	-0.2138	0.2627	-0.5060	-0.4712	0.7838	0.0999	-0.6540	
176	P	-0.0151	-0.0585	-0.0342	-0.1123	0.7469	0.4272	-0.0468	0.0162	0.0161	-0.1158	0.5431	0.1689	
177	P	-1.8549	2.2561	1.8224	-3.0087	-0.2305	-0.9406	-1.4556	1.8591	1.4434	-2.5501	-0.0300	-0.8064	
178	E	0.6673	-0.4659	-0.4311	0.5497	-0.1752	0.7598	0.6340	-0.4428	-0.5035	0.3790	0.2090	0.7512	
179	D	1.2625	-1.2747	-1.4257	0.7737	0.9195	1.1469	0.9711	-0.9396	-1.1603	0.4258	0.9502	1.0801	
180	V	0.3284	-0.4275	-0.6453	0.4475	1.1864	0.4201	0.3692	-0.3943	-0.6944	0.2895	1.2306	0.5424	
181	E	-0.1830	0.1543	0.0565	-0.0685	-0.2118	0.3117	0.1688	-0.1910	-0.3356	0.2574	0.2352	0.6108	
182	K	-0.5217	0.4892	0.3488	-0.1951	-0.3513	0.0218	-0.3513	0.3225	0.1558	-0.0246	0.0654	0.1387	
183	L	1.1707	-1.3149	-1.4550	1.0365	1.5192	0.6998	0.5582	-1.2383	-1.4329	1.3722	0.3180	1.3398	
184	A	-0.0565	-0.0746	0.0223	0.3355	0.1822	0.4299	-0.7252	-0.4118	-0.4641	1.1827	-1.8419	1.8812	
185	E	-1.5877	1.5924	1.7859	-0.9106	-0.7970	-1.4390	-2.1904	0.6953	0.6549	0.5966	-3.5874	1.1850	
