Cpptraj Generated trajectory                                                    
  14.801  28.250  46.389  14.184  27.904  47.110  14.432  27.993  45.484  14.861
  29.256  46.452  16.153  27.679  46.545  16.421  27.143  45.635  17.178  28.789
  46.760  16.848  29.419  47.586  18.135  28.330  47.009  17.345  29.639  45.499
  17.832  29.042  44.728  16.377  29.980  45.131  18.195  30.864  45.812  17.705
  31.488  46.560  19.141  30.524  46.233  18.411  31.658  44.599  17.628  32.097
  44.136  19.581  31.858  44.039  20.663  31.354  44.568  20.658  30.708  45.344
  21.536  31.495  44.081  19.652  32.590  42.968  18.851  32.990  42.501  20.576
  32.715  42.578  16.175  26.655  47.676  16.445  27.019  48.827  15.791  25.410
  47.364  15.170  25.014  46.107  15.902  24.500  45.484  14.736  25.844  45.549
  14.065  24.063  46.535  13.730  23.431  45.713  13.239  24.635  46.956  14.756
  23.277  47.646  15.355  22.480  47.205  14.033  22.865  48.350  15.679  24.303
  48.318  15.204  24.669  49.229  17.005  23.641  48.723  16.990  22.750  49.563
  18.146  24.072  48.180  18.124  24.756  47.437  19.432  23.431  48.466  19.290
  22.602  49.160  20.030  22.863  47.175  20.253  23.681  46.492  20.973  22.373
  47.420  19.136  21.864  46.474  18.175  22.308  45.545  18.095  23.359  45.310
  17.326  21.387  44.907  16.597  21.732  44.190  17.443  20.012  45.195  16.638
  19.119  44.565  16.038  19.537  43.943  18.404  19.567  46.129  18.488  18.511
  46.340  19.251  20.492  46.766  19.991  20.147  47.473  20.387  24.397  49.141
  21.008  25.212  48.475  20.468  24.349  50.466  19.964  23.624  50.958  21.414
  25.163  51.220  21.606  26.089  50.678  20.785  25.514  52.561  20.614  24.602
  53.133  21.470  26.156  53.115  19.844  26.034  52.382  22.760  24.459  51.400
  22.809  23.238  51.548  23.841  25.234  51.415  23.739  26.234  51.316  25.159
  24.707  51.693  25.274  23.836  51.048  26.236  25.728  51.315  26.137  25.995
  50.263  26.123  26.612  51.942  27.882  25.027  51.592  28.540  26.138  51.247
  25.232  24.310  53.178  24.892  25.118  54.044  25.653  23.074  53.480  25.927
  22.025  52.512  26.537  22.385  51.684  24.984  21.630  52.133  26.655  20.956
  53.305  27.693  21.261  53.437  26.585  19.973  52.839  25.895  21.038  54.631
  26.438  20.561  55.446  24.908  20.593  54.508  25.741  22.545  54.843  24.817
  22.764  55.378  26.922  23.064  55.681  26.976  22.841  56.896  27.925  23.689
  55.060  27.888  23.825  54.060  29.044  24.270  55.806  29.458  23.518  56.478
  30.161  24.736  54.863  29.774  25.492  54.180  31.316  25.339  55.666  31.725
  24.601  56.357  32.105  25.669  54.991  30.966  26.201  56.233  30.669  23.552
  54.036  29.863  23.147  53.424  31.473  23.883  53.379  31.046  22.769  54.694
  28.513  25.423  56.644  28.046  26.405  56.090  28.609  25.325  57.970  28.998
  24.478  58.359  28.056  26.337  58.887  26.976  26.374  58.748  28.344  25.914
  60.340  27.823  26.628  60.979  27.901  24.933  60.514  29.830  25.884  60.773
  30.390  26.671  60.267  29.874  26.111  61.838  30.488  24.515  60.513  30.326
  23.575  61.317  31.008  24.275  59.402  28.551  27.777  58.636  27.831  28.757
  58.868  29.794  27.935  58.179  30.366  27.116  58.028  30.372  29.248  57.886
  30.115  29.925  58.701  31.893  29.144  57.808  32.306  30.136  57.622  32.274
  28.765  58.756  32.274  28.276  56.763  33.232  28.218  56.742  29.830  29.866
  56.597  29.898  31.082  56.446  29.261  29.067  55.698  29.134  28.096  55.947
  28.677  29.498  54.438  28.978  30.529  54.249  29.263  28.584  53.352  30.334
  28.775  53.281  29.087  27.549  53.646  28.524  28.810  51.722  29.301  27.940
  51.071  27.143  29.462  54.480  26.547  28.592  55.098  26.493  30.366  53.744
  27.027  31.103  53.308  25.024  30.415  53.663  24.638  29.446  53.980  24.477
  31.470  54.631  25.051  32.389  54.516  23.445  31.680  54.350  24.489  31.004
  56.095  23.535  30.268  56.432  25.406  31.409  56.873  24.488  30.577  52.232
  23.566  31.345  51.941  25.081  29.850  51.285  25.809  29.208  51.563  24.619
  29.847  49.894  24.244  30.841  49.652  25.758  29.490  48.939  26.024  28.445
  49.100  25.381  29.588  47.922  27.022  30.351  49.096  27.295  30.430  50.148
  27.837  29.875  48.550  26.855  31.776  48.583  26.103  32.274  49.196  27.811
  32.288  48.684  26.450  31.806  47.174  26.873  31.096  46.594  25.730  32.735
  46.581  25.291  33.765  47.256  25.627  33.849  48.205  24.837  34.528  46.774
  25.384  32.634  45.331  25.735  31.841  44.812  24.873  33.352  44.837  23.482
  28.854  49.721  23.535  27.750  50.261  22.465  29.222  48.944  22.500  30.137
  48.518  21.349  28.339  48.589  21.574  27.337  48.955  20.049  28.828  49.239
  19.829  29.823  48.850  19.250  28.147  48.948  20.100  28.902  50.772  20.445
  27.950  51.175  20.802  29.680  51.070  18.722  29.240  51.360  18.853  29.515
  52.407  18.317  30.114  50.851  17.772  28.111  51.252  17.333  27.957  50.356
  17.479  27.252  52.216  18.009  27.347  53.409  18.663  28.097  53.582  17.793
  26.699  54.152  16.652  26.271  51.979  16.237  26.161  51.065  16.418  25.625
  52.719  21.194  28.277  47.074  21.355  29.307  46.424  20.725  27.154  46.540
  20.597  26.357  47.147  20.620  26.914  45.102  20.691  27.869  44.582  21.779
  26.046  44.617  21.703  25.047  45.045  21.689  25.970  43.533  23.137  26.609
  44.947  23.712  27.569  44.100  23.201  27.882  43.202  24.961  28.120  44.417
  25.415  28.839  43.752  25.627  27.717  45.585  26.599  28.133  45.806  25.052
  26.756  46.437  25.580  26.434  47.322  23.803  26.199  46.116  23.354  25.458
  46.761  19.287  26.291  44.706  18.586  25.689  45.531  18.885  26.534  43.464
  19.507  27.044  42.854  17.657  26.023  42.857  16.827  26.167  43.548  17.358
  26.778  41.569  18.208  26.724  40.888  16.492  26.330  41.080  17.051  28.108
  41.914  17.000  28.590  41.086  17.715  24.545  42.513  16.724  23.851  42.740
  18.841  24.055  42.004  19.601  24.693  41.818  19.035  22.661  41.627  18.107
  22.117  41.800  19.396  22.538  40.149  20.425  22.872  40.013  19.328  21.484
  39.881  18.494  23.349  39.214  17.453  23.211  39.507  18.753  24.405  39.292
  18.645  22.908  37.760  18.220  21.911  37.643  18.083  23.608  37.141  20.045
  22.875  37.317  20.738  22.526  37.963  20.476  23.127  36.101  19.639  23.535
  35.190  18.648  23.570  35.381  19.996  23.701  34.260  21.732  22.998  35.806
  22.358  22.576  36.477  22.084  23.131  34.868  20.118  22.017  42.468  21.041
  22.675  42.947  19.996  20.707  42.639  19.235  20.211  42.199  20.984  19.951
  43.396  21.092  20.412  44.378  20.527  18.508  43.579  21.274  17.980  44.172
  19.569  18.495  44.098  20.371  17.881  42.327  20.141  16.959  42.459  22.364
  19.983  42.751  23.328  20.084  43.496  22.490  19.973  41.422  21.666  19.941
  40.839  23.799  20.004  40.753  24.414  19.219  41.194  23.688  19.750  39.235
  24.697  19.749  38.822  23.326  18.741  39.043  22.814  20.788  38.500  21.612
  20.914  38.838  23.326  21.528  37.632  24.534  21.333  40.983  25.763  21.383
  41.022  23.804  22.422  41.225  22.796  22.355  41.216  24.433  23.692  41.571
  25.208  23.908  40.836  23.404  24.820  41.572  22.665  24.589  42.340  23.925
  25.743  41.824  22.687  25.018  40.236  23.435  25.215  39.468  22.164  24.100
  39.968  21.678  26.172  40.316  20.695  26.054  41.099  21.891  27.164  39.589
  25.083  23.613  42.956  26.168  24.158  43.167  24.455  22.888  43.892  23.607
  22.405  43.630  25.016  22.669  45.218  25.309  23.645  45.605  23.964  22.050
  46.156  23.139  22.757  46.237  23.591  21.127  45.711  24.494  21.709  47.566
  25.271  20.948  47.498  25.064  22.940  48.271  24.299  23.713  48.342  25.420
  22.661  49.262  25.911  23.326  47.703  23.372  21.135  48.432  22.998  20.222
  47.970  23.753  20.894  49.424  22.572  21.867  48.546  26.273  21.811  45.133
  27.274  22.138  45.756  26.251  20.730  44.360  25.411  20.531  43.836  27.406
  19.834  44.214  27.703  19.500  45.208  27.074  18.600  43.362  27.914  17.907
  43.408  25.810  17.897  43.852  24.957  18.573  43.796  25.607  17.024  43.231
  25.950  17.598  44.891  26.875  18.980  42.030  26.721  18.222  41.461  28.603
  20.555  43.604  29.731  20.367  44.064  28.381  21.429  42.617  27.441  21.509
  42.258  29.441  22.214  42.001  30.240  21.530  41.716  28.883  22.914  40.763
  28.445  22.168  40.099  28.098  23.601  41.079  29.972  23.684  40.005  30.396
  24.460  40.642  30.763  23.000  39.697  29.379  24.342  38.766  30.185  24.757
  38.161  28.844  23.599  38.175  28.461  25.419  39.140  28.199  25.518  40.111
  27.935  26.267  38.293  28.191  26.195  37.010  28.778  25.468  36.627  27.761
  26.827  36.350  27.156  27.185  38.776  26.912  27.257  39.753  26.721  27.807
  38.110  30.003  23.211  43.003  31.218  23.291  43.124  29.135  23.912  43.733
  28.150  23.763  43.568  29.513  24.892  44.757  30.141  25.664  44.311  28.254
  25.536  45.355  27.884  26.272  44.642  27.483  24.780  45.503  28.504  26.245
  46.669  29.056  27.506  46.756  29.212  27.793  48.038  29.626  28.733  48.371
  28.758  26.775  48.795  28.747  26.737  49.804  28.322  25.777  47.944  27.946
  24.805  48.227  30.310  24.252  45.881  31.319  24.777  46.319  29.893  23.075
  46.339  29.049  22.700  45.931  30.538  22.332  47.426  30.429  22.898  48.351
  29.852  20.953  47.552  29.567  20.607  46.558  30.782  19.881  48.145  31.132
  20.210  49.123  30.257  18.930  48.231  31.649  19.738  47.501  28.559  21.068
  48.381  27.936  21.865  47.976  28.016  20.127  48.296  28.784  21.381  49.864
  29.306  22.331  49.973  27.816  21.443  50.361  29.369  20.590  50.334  32.044
  22.191  47.216  32.800  22.189  48.188  32.492  22.082  45.965  31.808  22.102
  45.222  33.910  21.970  45.624  34.309  21.079  46.110  34.070  21.861  44.109
  33.444  22.602  43.612  35.108  22.084  43.865  33.737  20.460  43.596  34.283
  19.725  44.188  32.669  20.269  43.702  34.162  20.324  42.130  34.934  21.057
  41.897  34.600  19.337  41.981  33.023  20.501  41.215  32.859  21.437  40.872
  32.219  19.535  40.806  32.390  18.300  41.215  33.147  18.100  41.854  31.771
  17.570  40.894  31.237  19.803  39.988  31.091  20.737  39.633  30.626  19.064
  39.671  34.787  23.115  46.122  35.970  22.865  46.341  34.256  24.316  46.358
  33.272  24.475  46.196  35.052  25.401  46.948  35.971  25.485  46.368  34.317
  26.764  46.899  35.063  27.530  47.112  33.732  27.055  45.507  32.975  26.318
  45.242  33.263  28.039  45.483  34.524  27.054  44.758  33.223  26.875  47.984
  32.400  26.201  47.743  33.624  26.595  48.958  32.679  28.288  48.167  32.221
  28.647  47.245  31.927  28.269  48.955  33.495  28.950  48.459  35.443  25.047
  48.387  36.488  25.464  48.870  34.591  24.273  49.072  33.741  23.991  48.606
  34.778  23.867  50.460  35.298  24.667  50.987  33.413  23.630  51.133  32.870
  22.826  50.635  33.608  23.316  52.158  32.555  24.869  51.196  32.965  26.029
  51.840  31.964  26.900  51.723  32.014  27.910  52.102  30.925  26.341  51.075
  30.060  26.807  50.839  31.278  25.051  50.735  30.666  24.332  50.210  35.653
  22.627  50.580  36.498  22.537  51.467  35.459  21.647  49.698  34.732  21.752
  49.004  36.246  20.407  49.720  36.428  20.135  50.760  35.497  19.255  49.041
  36.072  18.340  49.180  34.110  19.055  49.654  33.509  19.957  49.533  33.602
  18.215  49.181  34.218  18.855  50.719  35.359  19.491  47.654  34.866  18.759
  47.276  37.615  20.570  49.075  38.486  19.726  49.280  37.811  21.627  48.283
  37.036  22.250  48.109  39.055  21.894  47.572  39.034  22.921  47.210  39.880
  21.765  48.273  39.280  20.964  46.377  40.355  20.966  45.781  38.283  20.146
  46.031  37.418  20.224  46.547  38.347  19.209  44.922  39.273  18.641  45.012
  37.159  18.247  45.029  37.249  17.702  45.969  36.246  18.840  45.070  37.024
  17.249  43.864  36.059  16.751  43.959  37.038  17.782  42.914  38.097  16.165
  43.855  38.616  15.801  42.818  38.476  15.646  45.008  39.189  14.931  44.985
  38.045  15.967  45.863  38.376  19.945  43.583  37.517  20.777  43.287  39.327
  19.546  42.739  39.975  18.839  43.055  39.526  20.082  41.393  38.655  20.666
  41.096  40.718  21.031  41.380  41.601  20.489  41.719  40.869  21.355  40.350
  40.501  22.265  42.262  39.604  22.794  41.937  40.380  21.959  43.301  41.714
  23.187  42.151  42.576  22.691  42.596  41.908  23.398  41.099  41.431  24.495
  42.885  40.536  24.945  42.457  41.227  24.273  43.933  42.560  25.442  42.769
  42.711  25.682  41.799  42.323  26.307  43.233  43.402  25.052  43.168  39.703
  18.926  40.400  40.831  18.500  40.158  38.588  18.396  39.873  37.243  18.860
  40.160  36.978  19.618  39.424  37.132  19.264  41.166  36.372  17.628  40.017
  35.332  17.894  39.826  36.466  17.006  40.907  37.038  16.914  38.846  36.703
  17.361  37.910  36.811  15.848  38.865  38.538  17.185  39.045  38.982  16.356
  39.595  39.246  17.283  37.685  39.621  16.256  37.120  39.428  18.488  37.137
  39.075  19.306  37.613  39.971  18.666  35.788  39.998  17.697  35.289  39.051
  19.571  34.963  39.156  20.609  35.279  39.349  19.495  33.917  37.598  19.181
  35.081  37.073  18.201  34.224  37.693  17.760  33.457  35.742  17.786  34.377
  35.325  17.035  33.723  34.941  18.347  35.385  33.916  18.022  35.486  35.467
  19.325  36.248  34.850  19.749  37.026  36.798  19.743  36.094  37.211  20.485
  36.761  41.404  19.168  35.811  41.719  20.143  36.480  42.287  18.511  35.066
  41.973  17.708  34.541  43.703  18.863  35.002  43.902  19.704  35.666  44.517
  17.667  35.500  44.260  17.487  36.544  44.232  16.787  34.923  46.032  17.878
  35.376  46.307  17.938  34.323  46.309  18.810  35.868  46.805  16.725  35.998
  47.213  16.755  37.145  46.999  15.648  35.260  47.494  14.887  35.702  46.627
  15.612  34.322  44.108  19.300  33.596  43.765  18.652  32.608  44.897  20.370
  33.509  45.177  20.828  34.364  45.452  20.838  32.251  44.662  20.834  31.500
  46.001  22.262  32.407  45.196  22.929  32.714  46.790  22.264  33.159  46.691
  22.853  30.840  47.040  24.055  31.306  46.529  19.876  31.782  47.540  19.691
  32.454  46.336  19.317  30.587  45.478  19.536  30.101  47.297  18.407  29.957
  47.446  17.545  30.608  46.697  17.962  28.620  45.655  17.696  28.795  46.721
  18.801  27.925  47.400  16.765  27.967  48.388  17.060  27.614  47.497  15.952
  28.687  46.539  16.303  26.785  45.566  15.994  27.168  46.371  17.149  26.118
  47.160  15.200  26.028  47.944  15.447  25.441  46.800  13.926  26.069  45.842
  13.521  26.868  45.362  14.217  27.420  45.564  12.551  26.907  47.386  13.049
  25.300  48.116  13.346  24.669  47.141  12.070  25.342  48.668  19.060  29.783
  49.660  18.349  29.762  48.703  20.389  29.647  47.820  20.873  29.580  49.934
  21.131  29.384  50.611  20.457  28.859  49.688  22.353  28.472  48.911  22.994
  28.888  50.977  23.179  28.353  51.770  22.554  27.942  50.817  24.039  27.704
  51.289  23.563  29.324  49.278  21.909  27.055  49.492  22.718  26.357  49.876
  21.045  26.768  47.790  21.569  26.914  47.191  22.443  27.167  47.591  21.273
  25.884  47.512  20.739  27.564  50.687  21.504  30.656  51.836  21.102  30.811
  50.095  22.321  31.536  49.166  22.670  31.352  50.814  22.799  32.721  51.885
  22.696  32.548  50.521  24.281  32.953  51.193  24.631  33.737  50.717  24.849
  32.044  48.806  24.534  33.486  48.962  25.843  33.704  50.557  21.994  33.989
  51.167  22.304  35.005  49.658  21.006  33.949  49.146  20.856  33.092  49.294
  20.152  35.089  48.630  19.373  34.714  50.534  19.459  35.683  51.200  20.206
  36.115  50.222  18.802  36.495  51.312  18.651  34.645  51.772  19.331  33.928
  52.115  18.127  35.163  50.299  17.450  33.739  50.457  16.054  34.871  50.114
  16.333  35.867  49.862  15.223  34.492  51.507  15.767  34.917  48.490  20.838
  36.186  48.162  20.205  37.184  48.119  22.111  36.018  48.390  22.592  35.172
  47.276  22.789  37.002  47.725  22.623  37.981  47.228  24.286  36.709  48.250
  24.665  36.713  46.792  24.430  35.721  46.398  25.057  37.747  45.366  24.708
  37.730  46.824  24.896  38.737  46.413  26.548  37.421  47.452  26.873  37.373
  45.947  26.702  36.448  45.701  27.356  38.428  44.973  26.904  38.963  45.872
  28.660  38.602  46.720  29.331  37.858  47.196  28.840  37.115  46.812  30.333
  37.951  45.234  29.300  39.544  44.510  28.844  40.081  45.308  30.302  39.649
  45.885  22.168  37.011  45.351  21.830  35.952  45.303  22.052  38.199  45.811
  22.340  39.023  43.955  21.529  38.371  43.707  20.929  37.495  43.912  20.619
  39.602  44.054  21.225  40.497  42.946  20.117  39.653  44.996  19.568  39.562
  46.033  19.729  40.179  44.779  18.521  38.800  45.506  17.820  38.791  43.903
  18.411  38.309  42.923  22.653  38.477  43.220  23.728  38.999  41.695  22.358
  38.072  41.533  21.441  37.682  40.572  23.277  38.031  40.809  24.134  38.661
  40.338  23.769  36.601  40.123  22.914  35.960  39.468  24.424  36.589  41.510
  24.523  36.027  42.540  23.821  35.378  42.470  22.748  35.280  43.650  24.513
  34.865  44.438  23.976  34.357  43.726  25.908  35.014  44.565  26.459  34.615
  42.695  26.608  35.661  42.742  27.683  35.753  41.588  25.917  36.171  40.802
  26.463  36.672  39.310  22.621  38.573  39.085  21.413  38.437  38.482  23.434
  39.214  38.693  24.421  39.255  37.206  22.992  39.776  37.357  22.074  40.343
  36.667  24.061  40.719  35.697  23.749  41.108  37.362  24.209  41.546  36.539
  25.244  39.976  36.174  25.919  40.553  36.166  22.690  38.700  35.260  21.895
  38.962  36.291  23.274  37.499  37.030  23.951  37.373  35.303  23.133  36.427
  34.683  22.262  36.640  34.412  24.374  36.399  35.043  25.261  36.346  33.792
  24.314  35.505  33.479  24.476  37.613  32.632  23.806  37.464  33.999  24.189
  38.527  32.973  25.900  37.820  32.215  25.875  38.603  33.798  26.527  38.160
  32.393  26.486  36.604  32.694  26.147  35.702  31.572  27.509  36.587  31.177
  28.030  37.713  31.566  27.713  38.589  30.560  28.829  37.675  31.116  27.978
  35.468  31.473  27.625  34.592  30.514  28.788  35.417  35.904  22.889  35.048
  37.007  23.338  34.739  35.141  22.168  34.232  34.241  21.856  34.568  35.507
  21.796  32.862  36.509  21.367  32.869  34.519  20.758  32.328  34.844  20.459
  31.331  34.503  19.889  32.985  33.223  21.316  32.251  32.609  20.660  31.911
  35.521  22.975  31.893  36.436  23.078  31.081  34.547  23.877  31.972  33.786
  23.727  32.620  34.493  25.058  31.120  34.613  24.726  30.089  33.145  25.787
  31.252  33.181  26.648  30.584  32.368  25.122  30.876  32.748  26.248  32.674
  33.107  25.587  33.675  32.001  27.245  32.800  35.650  26.013  31.415  36.233
  26.569  30.482  36.054  26.126  32.684  35.523  25.657  33.403  37.206  26.947
  33.061  37.128  27.895  32.528  37.200  27.232  34.572  37.149  26.294  35.124
  38.122  27.752  34.829  36.040  28.103  34.967  35.382  28.938  34.066  34.452
  29.584  34.761  33.772  30.309  34.340  34.503  29.198  36.040  33.928  29.593
  36.770  35.504  28.279  36.212  35.797  27.826  37.147  38.518  26.324  32.611
  39.458  27.030  32.267  38.578  24.994  32.534  37.758  24.457  32.777  39.737
  24.317  31.973  40.621  24.720  32.466  39.628  22.817  32.290  39.578  22.735
  33.376  38.692  22.440  31.878  40.765  21.905  31.788  40.717  20.978  32.360
  40.595  21.520  30.316  40.626  22.401  29.675  41.386  20.833  30.016  39.634
  21.024  30.176  42.153  22.493  32.034  42.270  22.668  33.104  42.913  21.796
  31.680  42.261  23.442  31.508  39.836  24.620  30.476  40.913  24.904  29.960
  38.712  24.573  29.768  37.856  24.329  30.248  38.655  24.825  28.329  39.275
  24.092  27.813  37.214  24.698  27.823  36.551  25.312  28.434  37.085  25.133
  26.361  37.745  24.524  25.743  36.052  25.036  26.028  37.370  26.180  26.256
  36.835  23.342  27.900  35.902  23.285  27.684  39.205  26.198  27.982  40.024
  26.318  27.070  38.760  27.242  28.675  38.076  27.116  29.407  39.248  28.593
  28.415  39.301  28.725  27.334  38.297  29.654  28.979  38.680  30.642  28.722
  36.903  29.485  28.369  36.500  28.506  28.628  36.226  30.247  28.756  36.968
  29.559  27.283  38.185  29.544  30.373  37.590  30.214  30.719  40.671  28.776
  28.919  41.438  29.447  28.234  41.075  28.082  29.987  40.406  27.522  30.498
  42.450  28.126  30.475  42.704  29.162  30.701  42.621  27.263  31.733  42.206
  27.793  32.590  42.085  26.322  31.606  44.077  26.970  32.015  44.965  27.913
  32.492  46.172  27.374  32.499  47.045  27.918  32.826  46.102  26.097  32.077
  46.883  25.461  32.001  44.786  25.829  31.740  44.389  24.924  31.307  43.412
  27.604  29.417  44.471  28.158  29.180  43.069  26.506  28.747  42.211  26.045
  29.014  43.961  25.901  27.754  44.913  25.702  28.245  43.373  24.576  27.230
  42.327  24.721  26.962  44.138  24.089  25.983  45.190  23.961  26.240  43.723
  23.158  25.596  44.054  24.818  25.178  43.474  23.532  28.359  44.518  23.435
  28.657  42.909  23.878  29.224  42.949  22.150  27.969  43.522  21.732  27.141
  43.059  21.479  28.821  41.900  22.230  27.683  44.296  26.868  26.618  45.397
  26.800  26.071  43.394  27.785  26.263  42.522  27.815  26.772  43.656  28.790
  25.226  43.916  28.272  24.303  42.416  29.646  24.996  42.081  30.073  25.941
  42.679  30.459  24.318  41.300  28.812  24.376  41.675  28.308  23.485  40.969
  28.063  25.096  40.117  29.697  23.996  39.822  30.282  24.867  40.414  30.377
  23.198  39.006  28.858  23.531  39.256  28.148  22.859  37.743  28.928  23.910
  37.306  29.879  24.691  37.977  30.582  24.968  36.336  29.961  24.961  36.888
  28.038  23.498  37.232  27.268  22.943  35.919  28.073  23.780  44.830  29.710
  25.541  45.445  30.220  24.607  45.182  29.872  26.813  44.670  29.385  27.535
  46.350  30.655  27.240  46.287  31.637  26.771  46.374  30.852  28.766  47.121
  31.607  29.012  45.008  31.315  29.293  44.217  30.599  29.069  45.056  31.464
  30.371  44.744  32.257  28.812  46.773  29.663  29.419  46.615  29.794  30.356
  47.650  29.982  26.795  48.670  30.638  26.596  47.601  28.663  26.566  46.713
  28.203  26.711  48.720  27.862  26.089  49.644  28.303  26.463  48.589  26.421
  26.612  47.638  25.986  26.306  49.384  25.830  26.157  48.748  26.318  28.105
  49.894  26.746  28.765  49.685  26.521  30.059  50.390  26.801  30.829  48.510
  25.899  30.249  48.123  25.661  31.151  47.891  25.767  29.022  46.917  25.344
  28.827  48.795  27.849  24.569  49.862  28.001  23.983  47.655  27.613  23.924
  46.819  27.473  24.473  47.564  27.460  22.467  48.452  26.935  22.114  46.323
  26.651  22.079  46.243  26.616  20.993  46.415  25.225  22.617  46.478  25.235
  23.706  45.540  24.653  22.308  47.311  24.754  22.212  45.168  27.262  22.599
  44.407  26.739  22.335  47.542  28.778  21.711  47.889  28.790  20.534  47.156
  29.884  22.347  46.809  29.804  23.292  47.027  31.178  21.683  46.975  31.953
  22.448  47.902  31.322  21.050  45.773  31.273  20.812  45.642  32.167  19.972
  44.847  30.338  20.998  45.006  29.664  21.734  43.575  30.288  20.311  43.758
  30.404  19.242  42.965  28.911  20.556  43.603  28.176  20.065  42.966  28.727
  21.631  41.531  28.758  20.041  40.909  29.525  20.502  41.527  28.916  18.963
  40.963  27.376  20.400  41.723  26.385  20.298  39.800  27.341  20.874  42.666
  31.419  20.786  42.425  31.603  21.979  42.119  32.168  19.825  42.368  31.959
  18.868  41.226  33.299  20.092  40.852  33.234  21.114  41.982  34.609  19.995
  42.423  34.682  19.001  41.256  35.408  20.150  43.067  34.743  21.058  42.607
  34.792  22.045  43.750  33.895  21.009  43.850  36.018  20.785  44.377  35.911
  19.837  43.170  36.870  20.743  44.855  36.226  21.905  44.320  36.375  22.843
  45.462  35.327  22.011  45.700  37.394  21.603  45.118  38.216  21.526  46.352
  37.535  22.362  46.201  37.234  20.742  40.025  33.279  19.152  40.073  33.903
  18.087  38.966  32.551  19.530  38.906  31.715  20.718  38.393  32.260  21.511
  39.885  31.392  21.072  38.107  30.504  20.282  37.666  29.988  21.134  38.751
  29.837  19.709  37.068  31.134  19.352  36.227  31.500  19.942  36.728  30.413
  18.608  37.790  32.320  18.693  38.119  32.032  17.695  36.850  33.529  18.549
  35.980  33.514  17.681  36.981  34.574  19.377  37.690  34.543  20.095  36.036
  35.697  19.384  35.210  35.467  18.711  35.448  35.910  20.781  36.205  36.331
  21.443  34.627  36.623  20.706  34.928  34.649  21.409  33.609  34.241  21.158
  32.969  34.828  20.516  33.133  33.053  21.733  32.118  32.732  21.553  33.980
  32.275  22.544  33.609  31.362  22.985  35.304  32.681  22.781  35.959  32.084
  23.397  35.778  33.872  22.214  36.797  34.184  22.391  36.660  36.986  18.885
  37.530  37.553  19.541  36.171  37.498  17.761  35.429  37.013  17.276  36.652
  38.751  17.200  37.556  39.045  17.734  37.029  38.538  15.736  36.141  38.268
  15.165  37.448  39.461  15.336  37.765  37.739  15.654  35.643  39.885  17.376
  34.432  39.679  17.345  36.154  41.097  17.574  37.160  41.179  17.611  35.341
  42.300  17.632  34.536  42.136  18.348  36.211  43.479  18.096  36.569  43.284
  19.107  37.064  43.581  17.425  35.282  45.035  18.083  36.294  45.794  18.514
  34.735  42.552  16.250  35.472  42.607  15.265  33.429  42.792  16.176  32.857
  42.719  17.006  32.767  43.071  14.892  32.990  42.267  14.190  31.255  43.152
  15.104  31.065  43.787  15.969  30.810  43.630  14.231  30.586  41.794  15.305
  31.177  40.779  14.867  29.506  41.804  15.931  33.229  44.387  14.258  33.157
  44.585  13.040  33.683  45.321  15.096  33.615  45.128  16.086  34.086  46.653
  14.655  33.540  46.886  13.741  33.699  47.699  15.717  34.063  47.375  16.692
  34.309  49.071  15.391  33.951  49.402  14.416  34.027  49.807  16.144  35.398
  49.021  15.378  32.162  47.800  15.758  31.815  48.253  14.829  31.727  46.804
  15.834  31.638  48.619  16.938  32.008  49.643  16.888  30.549  48.644  16.894
  31.953  48.156  17.874  35.549  46.723  14.241  35.819  47.245  13.166  36.484
  46.210  15.048  36.202  45.785  15.920  37.912  46.328  14.727  38.020  46.886
  13.796  38.617  47.131  15.822  39.621  47.363  15.466  38.083  48.066  15.988
  38.732  46.207  17.379  39.447  47.153  17.994  38.618  45.007  14.436  39.797
  45.007  14.105  37.936  43.873  14.584  36.957  43.899  14.833  38.517  42.570
  14.292  37.712  41.841  14.198  39.054  42.647  13.346  39.508  42.068  15.342
  40.099  41.004  15.161  39.708  42.790  16.454  39.238  43.678  16.561  40.582
  42.314  17.523  41.553  42.097  17.080  40.741  43.403  18.581  41.224  44.263
  18.118  39.766  43.681  18.981  41.613  42.904  19.719  41.040  42.238  20.365
  42.444  42.358  19.274  42.140  44.081  20.539  42.918  44.593  19.973  41.321
  44.779  20.717  42.683  43.669  21.837  42.439  44.244  22.631  43.509  42.671
  22.090  43.914  41.808  21.185  43.595  41.931  20.235  44.491  41.026  21.462
  43.959  42.562  23.291  43.648  43.116  24.077  44.453  41.739  23.606  40.032
  41.019  18.106  38.843  40.952  18.406  40.897  40.016  18.247  41.855  40.169
  17.967  40.521  38.694  18.756  39.448  38.557  18.618  41.258  37.603  17.983
  42.312  37.873  17.918  41.159  36.658  18.517  40.678  37.400  16.586  39.675
  36.981  16.674  40.634  38.356  16.063  41.567  36.435  15.803  42.588  36.816
  15.803  41.548  35.453  16.276  41.065  36.317  14.368  40.206  35.645  14.351
  40.728  37.296  14.028  42.136  35.816  13.484  42.440  34.908  13.804  41.793
  35.745  12.536  42.923  36.449  13.505  40.779  38.532  20.245  41.738  39.094
  20.772  39.985  37.665  20.853  39.249  37.235  20.312  40.014  37.333  22.265
  40.997  37.592  22.661  38.953  38.127  23.025  37.959  37.829  22.692  39.047
  37.879  24.082  39.089  39.617  22.865  39.942  40.325  23.724  40.468  39.805
  24.511  40.106  41.706  23.562  40.758  42.238  24.240  39.420  42.378  22.536
  39.556  43.443  22.416  38.565  41.668  21.670  38.039  42.179  20.877  38.402
  40.283  21.837  37.762  39.721  21.172  39.781  35.847  22.483  39.104  35.184
  21.687  40.358  35.341  23.564  40.855  35.954  24.194  40.203  33.958  23.979
  40.335  33.313  23.111  41.299  33.636  24.993  41.187  34.261  25.878  41.219
  32.590  25.288  42.282  33.811  24.557  38.812  33.671  24.561  38.316  32.551
  24.406  38.146  34.659  25.170  38.650  35.515  25.353  36.828  34.509  25.794
  36.422  33.541  25.500  36.944  34.535  27.326  37.442  35.455  27.634  35.933
  34.510  27.733  37.712  33.339  27.897  37.211  32.428  27.568  38.719  33.336
  27.482  37.834  33.279  29.430  37.229  32.450  29.797  38.879  33.066  29.657
  37.436  34.496  30.163  36.736  35.103  29.761  37.843  34.813  31.379  38.710
  34.058  31.993  39.054  33.206  31.574  38.992  34.304  32.931  37.410  35.884
  31.978  36.693  36.452  31.551  37.672  36.101  32.929  35.822  35.550  25.326
  36.139  36.692  24.996  34.563  35.141  25.279  34.344  34.198  25.568  33.464
  36.014  24.859  33.692  36.416  23.872  32.176  35.209  24.783  31.360  35.851
  24.449  32.295  34.369  24.099  31.908  34.761  26.080  31.177  34.141  26.032
  33.238  37.199  25.801  32.888  38.279  25.314  33.472  37.048  27.106  33.713
  36.137  27.470  33.343  38.140  28.066  32.403  38.652  27.860  33.292  37.614
  29.508  33.067  38.456  30.162  32.470  36.903  29.582  34.590  36.932  29.963
  34.901  35.845  29.432  35.324  37.496  30.801  34.470  39.163  27.890  34.255
  40.362  28.087  35.624  38.742  27.364  35.730  37.766  27.126  36.694  39.668
  27.018  36.880  40.317  27.874  37.977  38.928  26.642  37.753  38.176  25.886
  38.657  39.659  26.204  38.673  38.258  27.824  38.917  39.020  28.564  37.998
  37.533  28.278  39.946  37.569  27.330  39.812  36.498  26.687  41.012  38.203
  27.475  36.276  40.515  25.820  36.418  41.742  25.818  35.682  39.873  24.805
  35.558  38.874  24.889  35.187  40.572  23.626  36.016  41.146  23.214  34.684
  39.565  22.590  35.466  38.837  22.372  33.846  39.029  23.035  34.260  40.265
  21.280  33.876  41.265  21.479  35.129  40.363  20.629  33.159  39.482  20.562
  32.858  40.014  19.659  33.561  38.512  20.270  31.979  39.330  21.436  31.695
  40.147  21.958  31.331  38.204  21.683  31.580  37.108  21.010  32.321  37.128
  20.324  31.057  36.264  21.195  30.432  38.175  22.626  30.292  38.979  23.222
  29.902  37.338  22.820  34.087  41.544  24.037  34.098  42.690  23.603  33.133
  41.117  24.866  33.196  40.162  25.190  32.027  41.950  25.349  31.454  42.300
  24.490  31.129  41.100  26.254  30.779  40.240  25.683  31.714  40.739  27.101
  29.918  41.872  26.797  30.238  42.557  27.582  29.451  42.441  25.993  28.911
  40.873  27.372  28.543  40.229  26.573  29.416  40.244  28.105  27.723  41.540
  28.064  27.082  40.747  28.448  28.084  42.109  28.922  26.941  42.403  27.148
  26.580  41.843  26.389  26.145  42.779  27.643  27.512  43.136  26.752  32.528
  43.179  26.099  32.013  44.278  25.871  33.527  43.023  26.969  33.886  42.095
  27.140  34.130  44.140  27.692  33.339  44.673  28.218  35.129  43.593  28.719
  34.633  42.843  29.336  35.958  43.118  28.195  35.660  44.707  29.632  36.183
  45.457  29.039  34.825  45.179  30.149  36.625  44.160  30.678  36.919  44.973
  31.342  36.126  43.395  31.273  37.830  43.593  30.062  37.882  43.516  29.056
  38.857  43.145  30.748  38.872  43.187  32.057  38.087  43.551  32.578  39.653
  42.815  32.580  39.860  42.660  30.082  39.891  42.555  29.078  40.627  42.272
  30.613  34.793  45.106  26.715  34.653  46.313  26.882  35.425  44.579  25.665
  35.484  43.572  25.603  36.093  45.363  24.635  36.662  46.153  25.124  37.050
  44.489  23.817  37.950  44.350  24.416  36.610  43.511  23.625  37.476  45.114
  22.508  38.582  45.946  22.386  38.632  46.322  21.110  39.399  46.972  20.715
  37.624  45.769  20.413  37.484  45.866  19.418  36.871  45.009  21.283  35.972
  44.457  21.051  35.138  46.080  23.707  35.335  47.250  23.489  34.095  45.472
  23.154  33.958  44.488  23.335  33.287  46.139  22.114  33.927  46.365  21.262
  32.149  45.228  21.650  31.454  45.069  22.475  31.402  45.833  20.467  32.104
  45.995  19.649  30.594  45.173  20.149  30.965  46.791  20.747  32.676  43.991
  21.217  31.946  43.430  20.946  32.711  47.474  22.590  32.550  48.405  21.805
  32.469  47.583  23.896  32.735  46.795  24.469  31.984  48.783  24.572  30.975
  49.004  24.225  31.994  48.482  26.066  32.194  47.420  26.206  32.806  49.038
  26.535  30.686  48.840  26.771  30.427  49.881  26.579  29.883  48.199  26.406
  30.879  48.629  28.277  31.669  49.299  28.615  29.961  48.890  28.804  31.284
  47.187  28.608  32.209  46.957  28.079  31.494  47.111  29.675  30.231  46.229
  28.205  30.066  46.310  27.212  30.518  45.281  28.400  29.376  46.437  28.702
  32.837  50.029  24.322  32.277  51.110  24.209  34.157  49.880  24.208  34.559
  48.958  24.306  35.071  51.015  24.021  34.874  51.747  24.804  36.547  50.573
  24.108  37.145  51.482  24.171  36.806  49.763  25.395  36.226  48.841  25.388
  37.864  49.517  25.495  36.525  50.364  26.260  37.001  49.834  22.825  36.433
  48.919  22.662  36.820  50.463  21.954  38.490  49.499  22.828  38.735  48.846
  23.665  38.730  48.985  21.897  39.061  50.425  22.899  34.830  51.761  22.714
  35.242  52.901  22.589  34.188  51.134  21.724  33.878  50.182  21.851  33.890
  51.817  20.465  34.770  52.396  20.183  33.587  50.789  19.376  32.733  50.180
  19.672  33.333  51.331  18.465  34.778  49.925  19.069  35.982  50.440  18.602
  36.801  49.403  18.452  37.821  49.508  18.113  36.174  48.254  18.770  36.583
  47.331  18.737  34.889  48.564  19.165  34.121  47.878  19.490  32.753  52.827
  20.573  32.480  53.545  19.613  32.050  52.838  21.706  32.376  52.269  22.474
  31.123  53.906  22.023  30.544  54.156  21.134  30.196  53.478  23.169  30.823
  53.239  24.028  29.579  54.337  23.436  29.279  52.278  22.889  29.871  51.416
  22.584  28.524  51.918  24.171  27.933  52.771  24.505  27.868  51.065  23.997
  29.243  51.670  24.952  28.268  52.598  21.788  28.798  52.818  20.861  27.619
  51.738  21.619  27.666  53.460  22.074  31.938  55.120  22.461  31.685  56.228
  21.991  32.875  54.865  23.389  32.975  53.909  23.698  33.866  55.788  23.935
  34.445  56.199  23.108  33.121  56.901  24.683  32.308  57.295  24.074  32.684
  56.485  25.591  34.063  58.065  24.998  35.084  57.817  24.708  33.754  58.927
  24.407  34.022  58.434  26.484  34.593  59.351  26.631  32.986  58.630  26.763
  34.574  57.378  27.355  33.909  56.802  27.852  35.855  57.064  27.486  36.789
  57.696  26.815  36.476  58.345  26.108  37.748  57.383  26.870  36.229  56.159
  28.351  35.525  55.702  28.913  37.198  55.884  28.424  34.842  55.062  24.881
  36.055  55.373  24.840  34.339  54.300  25.736
