Cpptraj Generated trajectory                                                    
  24.549  16.224  41.637  24.521  15.760  40.797  25.094  14.453  40.870  24.517
  13.827  41.552  26.117  14.525  41.238  25.153  13.761  39.496  25.682  12.811
  39.580  23.877  13.470  38.927  23.898  13.776  37.530  23.581  12.914  36.945
  22.952  14.880  37.212  22.421  15.662  38.218  22.773  15.532  39.230  21.457
  16.578  37.961  20.888  17.389  39.122  21.658  17.943  39.658  20.172  18.111
  38.730  20.407  16.731  39.845  20.952  16.752  36.596  20.050  17.514  36.262
  21.522  15.933  35.641  21.220  16.046  34.684  22.507  15.000  35.886  22.929
  14.305  34.966  25.927  14.613  38.503  25.671  15.668  38.598  25.372  14.028
  37.216  25.576  14.687  36.372  25.793  13.039  37.032  27.314  14.388  38.661
  28.383  15.473  38.178  29.729  14.957  38.523  27.966  16.802  38.673  28.148
  15.424  36.599  28.514  14.321  35.777  27.865  13.463  35.952  29.545  14.034
  35.981  28.407  14.768  34.312  28.763  13.981  33.648  27.056  15.081  33.982
  26.983  16.411  33.495  26.826  16.398  32.417  25.873  17.159  34.084  25.609
  17.397  35.405  26.250  17.021  36.189  24.520  18.085  35.618  24.081  18.361
  34.317  22.991  19.067  33.785  22.065  19.626  34.547  21.286  20.122  34.139
  22.167  19.539  35.549  22.838  19.159  32.464  23.737  18.593  31.665  23.581
  18.694  30.601  24.800  17.889  32.018  24.908  17.817  33.374  29.275  16.017
  34.113  29.784  16.259  35.046  28.303  17.115  33.728  28.309  17.882  34.502
  28.538  17.544  32.754  30.244  15.868  33.108  31.360  17.002  32.872  32.620
  16.352  32.463  31.352  17.979  33.981  30.768  17.751  31.578  30.374  17.008
  30.431  29.696  16.209  30.732  31.258  16.551  29.986  29.663  17.879  29.383
  29.453  17.275  28.500  28.428  18.368  29.883  28.383  19.778  29.743  27.880
  20.038  28.811  27.628  20.387  30.863  28.021  20.172  32.156  28.927  19.612
  32.336  27.274  20.629  33.189  27.583  20.443  34.207  26.098  21.349  32.866
  25.353  21.795  33.840  24.514  22.301  33.596  25.609  21.630  34.803  25.716
  21.599  31.624  26.465  21.121  30.596  26.102  21.375  29.443  30.527  19.075
  28.971  31.524  18.961  29.396  29.817  20.273  29.592  30.322  20.545  30.519
  29.762  21.129  28.920  30.619  19.186  27.565  31.735  20.124  26.898  31.894
  19.701  25.495  32.908  20.122  27.820  30.993  21.542  26.902  29.907  21.808
  26.019  29.144  21.034  26.106  30.275  21.828  24.993  29.273  23.159  26.342
  28.517  23.406  25.596  28.642  23.114  27.608  28.960  24.322  28.266  28.279
  25.106  27.933  28.794  24.192  29.716  29.650  23.642  30.631  30.596  23.205
  30.346  29.210  23.682  31.856  27.968  24.327  31.740  26.991  24.701  32.726
  27.027  24.538  33.949  25.879  25.332  32.184  25.169  25.629  32.838  25.724
  25.605  30.855  24.637  26.216  30.444  23.954  26.526  31.120  24.527  26.425
  29.462  26.609  25.288  29.915  27.708  24.644  30.425  30.308  24.287  26.365
  31.283  23.953  26.012  30.371  24.701  27.823  31.174  24.150  28.312  30.499
  25.777  27.945  29.823  25.374  25.624  30.654  25.959  24.405  30.490  25.060
  23.245  31.999  26.356  24.872  29.771  27.276  24.152  29.808  28.350  25.078
  30.213  29.219  24.558  30.464  28.122  25.918  28.426  28.707  25.633  27.690
  28.691  24.830  27.946  27.856  26.669  27.276  28.644  27.645  26.239  28.324
  27.746  27.898  28.469  28.984  29.169  27.979  29.139  29.787  27.829  28.266
  29.632  27.658  30.372  30.628  27.261  30.500  28.750  27.850  31.470  29.116
  27.528  32.673  28.469  27.683  33.433  30.056  27.188  32.818  27.535  28.339
  31.334  27.085  28.659  30.102  25.954  29.136  29.984  28.485  30.122  26.197
  29.385  30.290  26.790  27.255  30.065  27.079  27.265  30.868  27.817  26.352
  30.119  26.470  28.345  31.034  25.120  28.949  32.518  25.138  28.745  33.029
  23.761  30.292  32.533  25.750  27.969  33.293  26.125  26.570  33.375  25.907
  26.180  32.380  25.688  26.371  34.025  25.055  25.849  33.926  27.152  24.778
  33.976  26.952  26.065  33.050  28.256  26.623  33.775  29.346  25.824  34.073
  30.024  27.607  32.959  30.106  28.704  32.451  29.463  28.837  32.672  28.415
  29.592  31.673  30.124  30.450  31.271  29.606  29.346  31.434  31.502  30.192
  30.707  32.175  29.991  30.551  33.153  31.010  30.301  31.744  28.306  31.931
  32.151  27.414  32.700  31.475  26.468  33.171  32.113  26.334  35.330  27.549
  26.909  35.770  26.734  27.210  35.062  28.767  28.249  34.999  28.443  27.100
  35.824  29.539  25.254  36.182  27.876  25.453  37.779  28.019  24.138  38.439
  27.924  26.563  38.234  27.144  25.946  37.921  29.530  25.047  37.691  30.607
  24.480  36.778  30.424  24.361  38.535  30.681  25.784  37.535  31.934  25.073
  37.394  32.748  26.657  36.419  31.893  27.596  36.658  32.906  27.109  36.442
  33.856  28.818  35.842  32.815  29.486  35.706  31.630  29.109  36.224  30.760
  30.588  34.924  31.561  31.114  34.808  30.625  31.011  34.292  32.763  32.056
  33.514  32.721  32.346  33.086  33.589  32.594  33.408  31.873  30.379  34.434
  33.923  29.276  35.220  33.977  28.677  35.363  35.059  26.650  38.754  32.248
  26.908  39.271  31.323  27.875  38.146  32.904  28.765  38.474  32.367  27.920
  38.408  33.961  26.080  39.659  33.160  26.711  41.135  33.303  25.690  42.061
  32.773  28.068  41.140  32.701  26.811  41.385  34.887  26.770  40.376  35.892
  26.285  39.465  35.540  26.162  40.791  36.696  28.138  40.042  36.499  27.984
  39.651  37.505  28.868  39.049  35.825  30.169  39.102  36.339  30.210  38.510
  37.254  31.120  38.503  35.401  31.308  38.775  34.074  30.757  39.556  33.572
  32.178  38.000  33.486  32.612  37.180  34.538  33.550  36.141  34.650  34.272
  35.717  33.627  34.940  34.972  33.763  34.175  36.184  32.737  33.731  35.536
  35.824  33.033  35.933  36.881  33.214  35.417  37.813  32.105  36.876  36.921
  31.963  37.471  35.705  29.065  41.244  36.612  29.041  41.847  35.705  30.416
  40.547  36.755  31.160  41.089  36.171  30.708  40.468  37.802  28.684  41.990
  37.749  29.542  43.221  38.316  28.671  43.933  39.277  30.188  43.939  37.199
  30.697  42.460  39.137  30.412  41.632  40.255  29.681  40.871  39.980  29.993
  42.243  41.054  31.693  40.940  40.748  31.455  40.325  41.616  32.221  40.088
  39.737  33.630  40.209  39.728  34.047  39.509  40.452  34.206  39.909  38.390
  33.802  40.607  37.284  33.071  41.391  37.415  34.292  40.303  36.056  33.955
  40.845  35.185  35.244  39.255  35.981  35.723  38.923  34.812  36.390  38.165
  34.795  35.418  39.386  33.967  35.666  38.585  37.038  35.162  38.895  38.261
  35.585  38.277  39.239  32.788  41.936  41.164  32.444  42.960  41.019  33.955
  41.610  40.237  34.013  42.379  39.466  34.897  41.525  40.779  33.130  41.725
  42.520  34.057  42.734  43.358  33.732  42.637  44.787  34.094  44.091  42.777
  35.539  42.157  43.187  35.905  40.903  43.761  35.139  40.157  43.548  35.981
  41.017  44.842  37.246  40.397  43.216  37.532  39.475  43.722  37.136  40.131
  41.830  38.365  40.446  41.217  39.025  39.579  41.233  38.154  40.790  39.806
  37.332  41.740  39.268  36.730  42.385  39.892  37.339  41.778  37.963  38.224
  40.739  37.614  38.682  40.251  36.339  38.386  40.649  35.208  39.610  39.225
  36.447  39.964  38.840  35.583  40.062  38.721  37.631  40.939  37.750  37.623
  41.285  37.401  36.740  41.264  37.362  38.497  39.675  39.154  38.824  38.746
  40.153  38.746  38.359  41.432  43.415  37.916  42.389  43.691  39.039  41.526
  42.053  38.949  42.544  41.675  40.085  41.224  42.105  39.274  41.031  44.411
  40.324  42.065  45.055  40.676  41.532  46.387  39.769  43.439  44.922  41.602
  41.907  44.099  42.319  40.680  44.108  41.605  39.856  44.122  42.933  40.624
  45.006  43.203  40.504  42.878  43.609  39.493  42.865  42.414  40.668  41.721
  43.240  41.221  40.738  43.863  40.421  40.337  42.426  41.794  39.644  41.508
  42.784  39.869  41.395  43.159  40.875  40.750  43.260  38.848  40.016  44.032
  39.027  40.962  42.687  37.566  40.288  43.144  36.545  40.435  42.658  35.672
  39.524  43.792  36.675  41.845  41.739  37.335  42.583  41.261  38.369  43.415
  40.385  38.160  44.375  41.495  42.793  44.320  42.220  43.604  44.187  42.184
  41.444  43.789  43.188  41.594  45.101  42.208  40.851  45.610  40.795  42.804
  46.327  41.433  42.768  42.177  46.159  26.659  42.773  45.483  26.990  44.122
  45.660  26.570  44.453  46.684  26.743  44.168  45.449  25.502  45.093  44.709
  27.302  46.100  44.842  26.907  45.147  45.021  28.685  44.915  43.835  29.423
  45.881  43.415  29.705  44.184  44.091  30.678  44.624  43.833  31.951  45.543
  43.302  32.151  43.835  44.261  32.896  42.797  44.867  32.181  41.611  45.543
  32.549  41.239  45.720  33.808  40.373  46.195  34.022  41.824  45.285  34.506
  40.806  46.066  31.619  41.162  45.929  30.350  40.511  46.355  29.600  42.222
  45.321  29.858  43.012  44.796  30.833  44.717  43.229  27.134  43.895  43.125
  26.426  44.273  42.791  28.522  43.184  42.750  28.559  44.702  41.832  28.815
  45.830  42.491  26.674  45.640  41.034  26.022  46.814  40.766  25.172  44.321
  41.017  25.362  45.597  40.057  27.271  46.762  39.725  28.004  47.231  40.635
  28.380  47.460  39.200  27.352  46.407  38.821  29.186  47.323  38.477  29.667
  45.677  39.562  30.143  44.649  38.729  30.635  44.991  38.148  31.492  43.569
  39.592  31.104  42.670  40.315  30.378  42.630  40.246  29.301  41.919  41.100
  31.103  42.328  40.829  32.416  41.867  41.330  33.679  40.958  42.148  33.880
  42.569  40.807  34.756  42.293  41.095  35.684  43.578  39.895  34.639  44.195
  39.478  35.710  43.874  39.761  36.625  44.906  38.766  35.619  44.040  39.435
  33.488  43.357  39.921  32.415  45.590  37.584  28.782  45.401  37.569  27.709
  44.279  37.722  29.556  43.482  38.019  28.873  43.992  36.812  30.082  46.322
  36.440  29.154  45.786  34.958  28.866  46.971  34.080  28.807  44.824  34.988
  27.744  44.978  34.653  30.216  45.638  34.511  31.461  46.325  35.343  31.617
  46.198  33.575  31.451  44.631  34.485  32.613  45.157  34.317  33.553  43.933
  35.724  32.692  42.594  35.392  32.988  42.545  35.092  34.034  41.649  36.516
  32.803  41.076  36.797  31.589  41.357  36.220  30.720  40.165  37.796  31.476
  39.722  38.013  30.516  39.852  38.522  32.653  39.004  39.514  32.587  38.799
  39.951  33.474  38.508  39.715  31.731  40.399  38.277  33.826  41.298  37.263
  33.932  41.759  37.025  35.048  43.577  33.378  32.449  43.816  32.697  31.632
  42.300  34.140  32.164  42.221  34.293  31.088  41.420  33.642  32.571  43.383
  32.704  33.667  43.260  31.125  33.697  44.605  30.584  33.433  42.074  30.743
  32.904  42.936  30.949  35.245  43.893  31.291  36.229  44.508  32.120  35.880
  44.534  30.429  36.414  43.181  31.723  37.515  43.918  31.839  38.310  42.543
  32.977  37.339  41.156  32.847  37.601  40.935  33.211  38.604  40.375  33.653
  36.652  40.453  33.639  35.288  41.142  32.984  34.776  39.643  34.472  34.693
  38.985  35.091  35.764  37.975  36.106  35.777  37.466  36.668  34.805  37.562
  36.450  37.054  36.853  37.166  37.124  38.063  35.897  38.197  37.629  36.326
  39.358  36.918  37.043  39.382  37.991  35.916  40.207  39.002  34.955  38.223
  39.423  34.592  36.971  42.124  30.710  37.960  42.258  29.761  37.441  40.809
  31.363  37.552  40.522  30.993  36.568  40.004  31.199  38.269  42.216  30.525
  39.356  41.470  29.302  40.061  42.087  29.134  41.391  41.525  28.144  39.148
  39.953  29.786  40.194  39.512  30.721  41.167  40.116  31.628  41.144  39.579
  30.268  42.156  38.056  31.093  40.868  37.652  31.705  41.673  38.006  31.852
  39.673  36.772  31.521  39.090  35.983  31.967  39.695  36.624  32.024  37.714
  37.299  31.448  36.661  37.975  30.626  36.849  37.124  31.903  35.395  37.904
  31.249  34.273  37.652  30.190  34.214  37.646  31.722  33.325  38.974  31.365
  34.448  36.203  33.001  35.122  35.958  33.493  34.022  35.583  33.514  36.234
  34.933  34.275  36.096  35.733  33.084  37.523  35.084  33.621  38.420  37.142
  29.863  40.669  37.697  28.934  40.799  36.640  30.011  39.241  37.256  29.404
  38.577  35.584  29.763  39.127  35.996  29.899  41.483  35.485  28.592  42.248
  36.423  28.297  43.347  35.178  27.536  41.248  34.108  29.167  42.837  34.045
  30.341  43.649  34.935  30.954  43.507  33.986  30.066  44.702  32.808  31.178
  43.275  32.671  31.975  44.006  32.992  31.784  42.005  31.836  31.579  41.220
  31.175  32.443  41.287  32.196  31.420  39.815  33.099  30.549  39.295  33.651
  29.859  39.916  33.233  30.657  38.009  32.362  31.688  37.649  32.057  32.288
  36.380  32.531  32.049  35.271  31.068  33.251  36.457  30.831  33.699  35.584
  30.475  33.641  37.620  29.526  34.546  37.584  29.374  35.015  36.703  29.210
  34.890  38.480  30.725  33.111  38.810  31.693  32.144  38.760  31.524  30.333
  43.233  31.748  29.312  43.543  31.092  30.376  41.774  31.318  29.416  41.309
  30.038  30.629  41.655  30.506  30.868  44.056  29.143  30.053  44.342  28.547
  30.511  45.625  29.334  28.625  44.033  28.177  30.637  43.208  27.878  32.010
  43.265  28.812  32.570  43.204  27.441  32.204  44.244  26.933  32.494  42.168
  26.647  33.520  42.402  27.578  32.511  40.910  26.752  31.839  39.982  26.093
  32.552  39.489  27.570  31.213  38.946  28.544  30.269  39.099  28.797  29.861
  40.066  29.128  29.937  37.985  28.490  30.734  37.026  28.694  30.855  35.615
  29.523  30.266  34.924  27.824  31.747  35.011  27.928  31.854  34.012  26.879
  32.469  35.683  26.147  33.348  35.034  26.237  33.350  34.028  25.326  33.743
  35.470  26.686  32.422  36.999  27.518  31.515  37.608  25.665  31.638  42.050
  25.566  30.961  42.898  25.890  30.854  40.762  26.363  29.903  41.006  24.990
  30.652  40.181  24.556  32.505  41.991  23.075  31.964  42.184  22.430  32.881
  43.139  23.085  30.536  42.522  22.338  32.200  40.802  23.027  32.120  39.573
  23.398  31.111  39.391  23.834  32.853  39.571  22.110  32.392  38.405  21.824
  33.444  38.381  22.866  32.068  37.259  22.500  30.756  36.852  22.036  30.815
  35.868  23.696  29.932  36.700  24.417  29.255  37.643  24.131  29.222  38.683
  25.479  28.677  37.162  25.418  28.949  35.793  26.269  28.553  34.716  27.277
  27.849  34.792  25.870  29.066  33.491  26.423  28.813  32.684  24.765  29.844
  33.310  24.470  30.287  32.114  25.021  29.977  31.326  23.622  30.823  32.006
  23.960  30.228  34.291  24.335  29.737  35.507  20.889  31.461  38.415  20.525
  31.270  39.424  21.444  30.184  37.795  21.801  29.528  38.589  20.732  29.640
  37.175  19.860  32.033  37.645  18.467  31.269  37.427  17.455  32.260  37.025
  18.204  30.386  38.588  18.732  30.320  36.164  18.931  30.858  34.866  19.691
  31.639  34.888  17.993  31.286  34.516  19.384  29.764  33.898  19.441  30.171
  32.888  20.669  29.296  34.278  20.678  27.924  33.969  20.727  27.821  32.885
  21.832  27.200  34.546  21.854  26.823  35.864  21.033  27.089  36.514  22.908
  26.135  36.358  22.920  25.857  37.401  23.969  25.836  35.468  25.016  25.204
  35.923  25.730  24.984  35.244  25.043  24.876  36.878  23.967  26.187  34.195
  22.899  26.866  33.703  22.899  27.148  32.502  18.434  28.549  33.892  17.571
  28.709  34.539  19.307  27.412  34.398  19.156  27.294  35.471  19.131  26.475
  33.869  18.058  28.176  32.592  16.540  27.933  32.178  15.849  29.234  32.127
  15.998  26.867  33.054  16.839  27.401  30.707  17.384  28.269  29.717  18.057
  28.993  30.176  16.573  28.814  29.232  18.174  27.480  28.668  18.417  28.132
  27.829  19.390  27.001  29.217  19.381  25.587  29.171  19.991  25.250  28.332
  19.979  25.033  30.383  19.510  25.067  31.665  18.570  25.541  31.906  20.304
  24.506  32.538  21.381  24.077  31.750  22.585  23.392  32.098  22.934  23.032
  33.221  23.401  23.124  31.010  24.264  22.633  31.196  23.101  23.471  29.725
  23.946  23.214  28.755  24.791  22.710  28.983  23.694  23.471  27.811  21.998
  24.111  29.364  21.180  24.383  30.427  17.373  26.278  28.162  16.317  26.401
  28.400  17.968  25.094  28.909  17.358  24.884  29.788  18.072  24.197  28.298
  17.534  26.127  26.777  16.616  25.091  25.973  16.624  25.539  24.572  15.350
  24.886  26.718  17.497  23.758  26.085  18.747  23.660  25.431  19.343  24.552
  25.624  18.561  23.572  24.360  19.516  22.432  25.914  20.449  22.337  25.358
  19.832  22.521  27.289  19.868  21.200  27.776  20.816  20.749  27.482  19.783
  21.148  29.250  18.669  21.588  29.932  17.829  21.975  29.376  18.639  21.561
  31.291  17.412  22.078  32.006  16.543  21.491  31.710  17.551  21.973  33.082
  17.270  23.133  31.772  19.778  21.060  32.055  19.882  21.009  33.278  20.826
  20.634  31.285  21.626  20.248  31.768  20.896  20.641  29.922  21.897  20.210
  29.356  18.706  21.150  25.700  17.665  21.396  25.489  18.801  20.410  27.031
  17.823  20.389  27.512  19.200  19.402  26.924  19.273  20.376  24.660  18.698
  19.618  24.533
