Cpptraj Generated trajectory                                                    
  26.413  21.782  44.830  26.385  21.318  43.990  26.958  20.011  44.063  26.381
  19.385  44.745  27.981  20.083  44.431  27.017  19.319  42.689  27.546  18.369
  42.773  25.741  19.028  42.120  25.762  19.334  40.723  25.445  18.472  40.138
  24.816  20.438  40.405  24.285  21.220  41.411  24.637  21.090  42.423  23.321
  22.136  41.154  22.752  22.947  42.315  23.522  23.501  42.851  22.036  23.669
  41.923  22.271  22.289  43.038  22.816  22.310  39.789  21.914  23.072  39.455
  23.386  21.491  38.834  23.084  21.604  37.877  24.371  20.558  39.079  24.793
  19.863  38.159  27.791  20.171  41.696  27.535  21.226  41.791  27.236  19.586
  40.409  27.440  20.245  39.565  27.657  18.597  40.225  29.178  19.946  41.854
  30.247  21.031  41.371  31.593  20.515  41.716  29.830  22.360  41.866  30.012
  20.982  39.792  30.378  19.879  38.970  29.729  19.021  39.145  31.409  19.592
  39.174  30.271  20.326  37.505  30.627  19.539  36.841  28.920  20.639  37.175
  28.847  21.969  36.688  28.690  21.956  35.610  27.737  22.717  37.277  27.473
  22.955  38.598  28.114  22.579  39.382  26.384  23.643  38.811  25.945  23.919
  37.510  24.855  24.625  36.978  23.929  25.184  37.740  23.150  25.680  37.332
  24.031  25.097  38.742  24.702  24.717  35.657  25.601  24.151  34.858  25.445
  24.252  33.794  26.664  23.447  35.211  26.772  23.375  36.567  31.139  21.575
  37.306  31.648  21.817  38.239  30.167  22.673  36.921  30.173  23.440  37.695
  30.402  23.102  35.947  32.108  21.426  36.301  33.224  22.560  36.065  34.484
  21.910  35.656  33.216  23.537  37.174  32.632  23.309  34.771  32.238  22.566
  33.624  31.560  21.767  33.925  33.122  22.109  33.179  31.527  23.437  32.576
  31.317  22.833  31.693  30.292  23.926  33.076  30.247  25.336  32.936  29.744
  25.596  32.004  29.492  25.945  34.056  29.885  25.730  35.349  30.791  25.170
  35.529  29.138  26.187  36.382  29.447  26.001  37.400  27.962  26.907  36.059
  27.217  27.353  37.033  26.378  27.859  36.789  27.473  27.188  37.996  27.580
  27.157  34.817  28.329  26.679  33.789  27.966  26.933  32.636  32.391  24.633
  32.164  33.388  24.519  32.589  31.681  25.831  32.785  32.186  26.103  33.712
  31.626  26.687  32.113  32.483  24.744  30.758  33.599  25.682  30.091  33.758
  25.259  28.688  34.772  25.680  31.013  32.857  27.100  30.095  31.771  27.366
  29.212  31.008  26.592  29.299  32.139  27.386  28.186  31.137  28.717  29.535
  30.381  28.964  28.789  30.506  28.672  30.801  30.824  29.880  31.459  30.143
  30.664  31.126  30.658  29.750  32.909  31.514  29.200  33.824  32.460  28.763
  33.539  31.074  29.240  35.049  29.832  29.885  34.933  28.855  30.259  35.919
  28.891  30.096  37.142  27.743  30.890  35.377  27.033  31.187  36.031  27.588
  31.163  34.048  26.501  31.774  33.637  25.818  32.084  34.313  26.391  31.983
  32.655  28.473  30.846  33.108  29.572  30.202  33.618  32.172  29.845  29.558
  33.147  29.511  29.205  32.235  30.259  31.016  33.038  29.708  31.505  32.363
  31.335  31.138  31.687  30.932  28.817  32.518  31.517  27.598  32.354  30.618
  26.438  33.863  31.914  28.065  31.635  32.834  27.345  31.672  33.908  28.271
  32.077  34.777  27.751  32.328  33.680  29.111  30.290  34.265  28.826  29.554
  34.249  28.023  29.810  33.414  29.862  29.140  34.202  30.838  28.103  33.882
  30.939  29.762  34.027  32.177  31.033  33.537  32.332  31.651  33.387  31.459
  31.496  33.216  33.565  32.492  32.819  33.693  30.614  33.408  34.663  30.980
  33.086  35.866  30.333  33.241  36.626  31.920  32.746  36.011  29.399  33.897
  34.527  28.949  34.217  33.295  27.818  34.694  33.177  30.349  35.680  29.390
  31.249  35.848  29.983  29.119  35.623  30.272  29.129  36.426  31.010  28.216
  35.677  29.663  30.209  36.592  28.313  30.813  38.076  28.331  30.609  38.587
  26.954  32.156  38.091  28.943  29.833  38.851  29.318  28.434  38.933  29.100
  28.044  37.938  28.881  28.235  39.583  28.248  27.713  39.484  30.345  26.642
  39.534  30.145  27.929  38.608  31.449  28.487  39.333  32.539  27.688  39.631
  33.217  29.471  38.517  33.299  30.568  38.009  32.656  30.701  38.230  31.608
  31.456  37.231  33.317  32.314  36.829  32.799  31.210  36.992  34.695  32.056
  36.265  35.368  31.855  36.109  36.346  32.874  35.859  34.937  30.170  37.489
  35.344  29.278  38.258  34.668  28.332  38.729  35.306  28.198  40.888  30.742
  28.773  41.328  29.927  29.074  40.620  31.960  30.113  40.557  31.636  28.964
  41.382  32.732  27.118  41.740  31.069  27.317  43.337  31.212  26.002  43.997
  31.117  28.427  43.792  30.337  27.810  43.479  32.723  26.911  43.249  33.800
  26.344  42.336  33.617  26.225  44.093  33.874  27.648  43.093  35.127  26.937
  42.952  35.941  28.521  41.977  35.086  29.460  42.216  36.099  28.973  42.000
  37.049  30.682  41.400  36.008  31.350  41.264  34.823  30.973  41.782  33.953
  32.452  40.482  34.754  32.978  40.366  33.818  32.875  39.850  35.956  33.920
  39.072  35.914  34.210  38.644  36.782  34.458  38.966  35.066  32.243  39.992
  37.116  31.140  40.778  37.170  30.541  40.921  38.252  28.514  44.312  35.441
  28.772  44.829  34.516  29.739  43.704  36.097  30.629  44.032  35.560  29.784
  43.966  37.154  27.944  45.217  36.353  28.575  46.693  36.496  27.554  47.619
  35.966  29.932  46.698  35.894  28.675  46.943  38.080  28.634  45.934  39.085
  28.149  45.023  38.733  28.026  46.349  39.889  30.002  45.600  39.692  29.848
  45.209  40.698  30.732  44.607  39.018  32.033  44.660  39.532  32.074  44.068
  40.447  32.984  44.061  38.594  33.172  44.333  37.267  32.621  45.114  36.765
  34.042  43.558  36.679  34.476  42.738  37.731  35.414  41.699  37.843  36.136
  41.275  36.820  36.804  40.530  36.956  36.039  41.742  35.930  35.595  41.094
  39.017  34.897  41.491  40.074  35.078  40.975  41.006  33.969  42.434  40.114
  33.827  43.029  38.898  30.929  46.802  39.805  30.905  47.405  38.898  32.280
  46.105  39.948  33.024  46.647  39.364  32.572  46.026  40.995  30.548  47.548
  40.942  31.406  48.779  41.509  30.535  49.491  42.470  32.052  49.497  40.392
  32.561  48.018  42.330  32.276  47.190  43.448  31.545  46.429  43.173  31.857
  47.801  44.247  33.557  46.498  43.941  33.319  45.883  44.809  34.085  45.646
  42.930  35.494  45.767  42.921  35.911  45.067  43.645  36.070  45.467  41.583
  35.666  46.165  40.477  34.935  46.949  40.608  36.156  45.861  39.249  35.819
  46.403  38.378  37.108  44.813  39.174  37.587  44.481  38.005  38.254  43.723
  37.988  37.282  44.944  37.160  37.530  44.143  40.231  37.026  44.453  41.454
  37.449  43.835  42.432  34.652  47.494  44.357  34.308  48.518  44.212  35.819
  47.168  43.430  35.877  47.937  42.659  36.761  47.083  43.972  34.994  47.283
  45.713  35.921  48.292  46.551  35.596  48.195  47.980  35.958  49.649  45.970
  37.403  47.715  46.380  37.769  46.461  46.954  37.003  45.715  46.741  37.845
  46.575  48.035  39.110  45.955  46.409  39.396  45.033  46.915  39.000  45.689
  45.023  40.229  46.004  44.410  40.889  45.137  44.426  40.018  46.348  42.999
  39.196  47.298  42.461  38.594  47.943  43.085  39.203  47.336  41.156  40.088
  46.297  40.807  40.546  45.809  39.532  40.250  46.207  38.401  41.474  44.783
  39.640  41.828  44.398  38.776  41.926  44.279  40.824  42.803  43.308  40.816
  43.149  42.959  39.933  43.128  42.920  41.690  41.539  44.712  42.017  40.610
  45.711  41.939  40.223  46.990  46.608  39.780  47.947  46.884  40.903  47.084
  45.246  40.813  48.102  44.868  41.949  46.782  45.298  41.138  46.589  47.604
  42.188  47.623  48.248  42.540  47.090  49.580  41.633  48.997  48.115  43.466
  47.465  47.292  44.183  46.238  47.301  43.469  45.414  47.315  44.797  46.182
  48.199  45.067  46.062  46.071  45.473  45.051  46.058  44.278  46.226  44.914
  45.104  46.779  43.931  45.727  45.979  43.530  44.290  47.352  42.837  43.372
  48.342  43.062  43.259  48.717  44.068  42.614  48.818  42.041  41.880  49.590
  42.220  42.826  48.245  40.759  42.152  48.702  39.738  42.299  48.216  38.865
  41.388  49.350  39.868  43.709  47.297  40.528  44.447  46.819  41.562  45.279
  45.943  41.353  46.239  47.053  45.986  46.184  47.778  46.797  46.051  47.742
  44.637  45.653  48.746  44.787  46.965  47.766  44.044  47.474  46.353  45.997
  48.191  46.991  45.961  44.041  51.717  29.852  44.637  51.041  30.183  45.986
  51.218  29.763  46.317  52.242  29.936  46.032  51.007  28.695  46.957  50.267
  30.495  47.964  50.400  30.100  47.011  50.579  31.878  46.779  49.393  32.616
  47.745  48.973  32.898  46.048  49.649  33.871  46.488  49.391  35.144  47.407
  48.860  35.344  45.699  49.819  36.089  44.661  50.425  35.374  43.475  51.101
  35.742  43.103  51.278  37.001  42.237  51.753  37.215  43.688  50.843  37.699
  42.670  51.624  34.812  43.026  51.487  33.543  42.375  51.913  32.793  44.086
  50.879  33.051  44.876  50.354  34.026  46.581  48.787  30.327  45.759  48.683
  29.619  46.137  48.349  31.715  45.048  48.308  31.752  46.566  47.390  32.008
  47.694  48.049  29.867  47.504  46.592  29.215  48.678  46.324  28.365  46.185
  46.575  28.555  47.461  45.615  30.464  48.626  45.283  31.197  49.095  46.193
  31.573  49.324  44.758  30.545  48.271  44.379  32.379  49.187  44.035  32.860
  47.541  45.120  33.336  46.513  44.287  33.828  46.855  43.706  34.685  45.433
  45.150  34.297  44.534  45.873  33.571  44.494  45.804  32.494  43.783  46.658
  34.296  44.192  46.387  35.609  43.731  46.888  36.872  42.822  47.706  37.073
  44.433  46.365  37.949  44.157  46.653  38.877  45.442  45.453  37.832  46.059
  45.036  38.903  45.738  45.319  39.818  46.770  44.324  38.812  45.904  44.993
  36.681  45.221  45.479  35.608  47.454  43.142  31.975  47.265  43.127  30.902
  46.143  43.280  32.749  45.346  43.577  32.066  45.856  42.370  33.275  48.186
  41.998  32.347  47.650  40.516  32.059  48.835  39.638  32.000  46.688  40.546
  30.937  46.842  40.211  33.409  47.502  40.069  34.654  48.189  40.901  34.810
  48.062  39.133  34.644  46.495  40.043  35.806  47.021  39.875  36.746  45.797
  41.282  35.885  44.458  40.950  36.181  44.409  40.650  37.227  43.513  42.074
  35.996  42.940  42.355  34.782  43.221  41.778  33.913  42.029  43.354  34.669
  41.586  43.571  33.709  41.716  44.080  35.846  40.868  45.072  35.780  40.663
  45.509  36.667  40.372  45.273  34.924  42.263  43.835  37.018  43.162  42.821
  37.125  43.623  42.583  38.241  45.441  38.936  35.642  45.680  38.255  34.825
  44.164  39.698  35.357  44.085  39.851  34.281  43.284  39.200  35.764  45.247
  38.262  36.860  45.124  36.683  36.890  46.469  36.142  36.626  43.938  36.301
  36.097  44.800  36.507  38.438  45.757  36.849  39.422  46.372  37.678  39.073
  46.398  35.987  39.607  45.045  37.281  40.708  45.782  37.397  41.503  44.407
  38.535  40.532  43.020  38.405  40.794  42.799  38.769  41.797  42.239  39.211
  39.845  42.317  39.197  38.481  43.006  38.542  37.969  41.507  40.030  37.886
  40.849  40.649  38.957  39.839  41.664  38.970  39.330  42.226  37.998  39.426
  42.008  40.247  38.717  42.724  40.317  39.927  41.455  41.390  39.493  41.884
  42.551  38.782  42.601  42.575  39.855  41.474  43.400  40.866  40.513  41.416
  41.287  40.150  40.164  43.988  36.268  41.153  44.122  35.319  40.634  42.673
  36.921  40.745  42.386  36.551  39.761  41.868  36.757  41.462  44.080  36.083
  42.549  43.334  34.860  43.254  43.951  34.692  44.584  43.389  33.702  42.341
  41.817  35.344  43.387  41.376  36.279  44.360  41.980  37.186  44.337  41.443
  35.826  45.349  39.920  36.651  44.061  39.516  37.263  44.866  39.870  37.410
  42.866  38.636  37.079  42.283  37.847  37.525  42.888  38.488  37.582  40.907
  39.163  37.006  39.854  39.839  36.184  40.042  38.988  37.461  38.588  39.768
  36.807  37.466  39.516  35.748  37.407  39.510  37.280  36.518  40.838  36.923
  37.641  38.067  38.559  38.315  37.822  39.051  37.215  37.447  39.072  39.427
  36.797  39.833  39.289  37.597  38.642  40.716  36.948  39.179  41.613  39.006
  35.421  43.862  39.561  34.492  43.992  38.504  35.569  42.434  39.120  34.962
  41.770  37.448  35.321  42.320  37.860  35.457  44.676  37.349  34.150  45.441
  38.287  33.855  46.540  37.042  33.094  44.441  35.972  34.725  46.030  35.909
  35.899  46.842  36.799  36.512  46.700  35.850  35.624  47.895  34.672  36.736
  46.468  34.535  37.533  47.199  34.856  37.342  45.198  33.700  37.137  44.413
  33.039  38.001  44.480  34.060  36.978  43.008  34.963  36.107  42.488  35.515
  35.417  43.109  35.097  36.215  41.202  34.226  37.246  40.842  33.921  37.846
  39.573  34.395  37.607  38.464  32.932  38.809  39.650  32.695  39.257  38.777
  32.339  39.199  40.813  31.390  40.104  40.777  31.238  40.573  39.896  31.074
  40.448  41.673  32.589  38.669  42.003  33.557  37.702  41.953  33.388  35.891
  46.426  33.612  34.870  46.736  32.956  35.934  44.967  33.182  34.974  44.502
  31.902  36.187  44.848  32.370  36.426  47.249  31.007  35.611  47.535  30.411
  36.069  48.818  31.198  34.183  47.226  30.041  36.195  46.401  29.742  37.568
  46.458  30.676  38.128  46.397  29.305  37.762  47.437  28.797  38.052  45.361
  28.511  39.078  45.595  29.442  38.069  44.103  28.616  37.397  43.175  27.957
  38.110  42.682  29.434  36.771  42.139  30.408  35.827  42.292  30.661  35.419
  43.259  30.992  35.495  41.178  30.354  36.292  40.219  30.558  36.413  38.808
  31.387  35.824  38.117  29.688  37.305  38.204  29.792  37.412  37.205  28.743
  38.027  38.876  28.011  38.906  38.227  28.101  38.908  37.221  27.190  39.301
  38.663  28.550  37.980  40.192  29.382  37.073  40.801  27.529  37.196  45.243
  27.430  36.519  46.091  27.754  36.412  43.955  28.227  35.461  44.199  26.854
  36.210  43.374  26.420  38.063  45.184  24.939  37.522  45.377  24.294  38.439
  46.332  24.949  36.094  45.715  24.202  37.758  43.995  24.891  37.678  42.766
  25.262  36.669  42.584  25.698  38.411  42.764  23.974  37.950  41.598  23.688
  39.002  41.574  24.730  37.626  40.452  24.364  36.314  40.045  23.900  36.373
  39.061  25.560  35.490  39.893  26.281  34.813  40.836  25.995  34.780  41.876
  27.343  34.235  40.355  27.282  34.507  38.986  28.133  34.111  37.909  29.141
  33.407  37.985  27.734  34.624  36.684  28.287  34.371  35.877  26.629  35.402
  36.503  26.334  35.845  35.307  26.885  35.535  34.519  25.486  36.381  35.199
  25.824  35.786  37.484  26.199  35.295  38.700  22.753  37.019  41.608  22.389
  36.828  42.617  23.308  35.742  40.988  23.665  35.086  41.782  22.596  35.198
  40.368  21.724  37.591  40.838  20.331  36.827  40.620  19.319  37.818  40.218
  20.068  35.944  41.781  20.596  35.878  39.357  20.795  36.416  38.059  21.555
  37.197  38.081  19.857  36.844  37.709  21.248  35.322  37.091  21.305  35.729
  36.081  22.533  34.854  37.471  22.542  33.482  37.162  22.591  33.379  36.078
  23.696  32.758  37.739  23.718  32.381  39.057  22.897  32.647  39.707  24.772
  31.693  39.551  24.784  31.415  40.594  25.833  31.394  38.661  26.880  30.762
  39.116  27.594  30.542  38.437  26.907  30.434  40.071  25.831  31.745  37.388
  24.763  32.424  36.896  24.763  32.706  35.695  20.298  34.107  37.085  19.435
  34.267  37.732  21.171  32.970  37.591  21.020  32.852  38.664  20.995  32.033
  37.062  19.922  33.734  35.785  18.404  33.491  35.371  17.713  34.792  35.320
  17.862  32.425  36.247  18.703  32.959  33.900  19.248  33.827  32.910  19.921
  34.551  33.369  18.437  34.372  32.425  20.038  33.038  31.861  20.281  33.690
  31.022  21.254  32.559  32.410  21.245  31.145  32.364  21.855  30.808  31.525
  21.843  30.591  33.576  21.374  30.625  34.858  20.434  31.099  35.099  22.168
  30.064  35.731  23.245  29.635  34.943  24.449  28.950  35.291  24.798  28.590
  36.414  25.265  28.682  34.203  26.128  28.191  34.389  24.965  29.029  32.918
  25.810  28.772  31.948  26.655  28.268  32.176  25.558  29.029  31.004  23.862
  29.669  32.557  23.044  29.941  33.620  19.237  31.836  31.355  18.181  31.959
  31.593  19.832  30.652  32.102  19.222  30.442  32.981  19.936  29.755  31.491
  19.398  31.685  29.970  18.480  30.649  29.166  18.488  31.097  27.765  17.214
  30.444  29.911  19.361  29.316  29.278  20.611  29.218  28.624  21.207  30.110
  28.817  20.425  29.130  27.553  21.380  27.990  29.107  22.313  27.895  28.551
  21.696  28.079  30.482  21.732  26.758  30.969  22.680  26.307  30.675  21.647
  26.706  32.443  20.533  27.146  33.125  19.693  27.533  32.569  20.503  27.119
  34.484  19.276  27.636  35.199  18.407  27.049  34.903  19.415  27.531  36.275
  19.134  28.691  34.965  21.642  26.618  35.248  21.746  26.567  36.471  22.690
  26.192  34.478  23.490  25.806  34.961  22.760  26.199  33.115  23.761  25.768
  32.549  20.570  26.708  28.893  19.529  26.954  28.682  20.665  25.968  30.224
  19.687  25.947  30.705  21.064  24.960  30.117  21.137  25.934  27.853  20.562
  25.176  27.726  16.665  33.808  49.582  16.048  33.462  50.303  16.296  33.551
  48.677  16.725  34.814  49.645  18.017  33.237  49.738  18.285  32.701  48.828
  19.042  34.347  49.953  18.712  34.977  50.779  19.999  33.888  50.202  19.209
  35.197  48.692  19.696  34.600  47.921  18.241  35.538  48.324  20.059  36.422
  49.005  19.569  37.046  49.753  21.005  36.082  49.426  20.275  37.216  47.792
  19.492  37.655  47.329  21.445  37.416  47.232  22.527  36.912  47.761  22.522
  36.266  48.537  23.400  37.053  47.274  21.516  38.148  46.161  20.715  38.548
  45.694  22.440  38.273  45.771  18.039  32.213  50.869  18.309  32.577  52.020
  17.655  30.968  50.557  17.034  30.572  49.300  17.766  30.058  48.677  16.600
  31.402  48.742  15.929  29.621  49.728  15.594  28.989  48.906  15.103  30.193
  50.149  16.620  28.835  50.839  17.219  28.038  50.398  15.897  28.423  51.543
  17.543  29.861  51.511  17.068  30.227  52.422  18.869  29.199  51.916  18.854
  28.308  52.756  20.010  29.630  51.373  19.988  30.314  50.630  21.296  28.989
  51.659  21.154  28.160  52.353  21.894  28.421  50.368  22.117  29.239  49.685
  22.837  27.931  50.613  21.000  27.422  49.667  20.039  27.866  48.738  19.959
  28.917  48.503  19.190  26.945  48.100  18.461  27.290  47.383  19.307  25.570
  48.388  18.502  24.677  47.758  17.902  25.095  47.136  20.268  25.125  49.322
  20.352  24.069  49.533  21.115  26.050  49.959  21.855  25.705  50.666  22.251
  29.955  52.334  22.872  30.770  51.668  22.332  29.907  53.659  21.828  29.182
  54.151  23.278  30.721  54.413  23.470  31.647  53.871  22.649  31.072  55.754
  22.478  30.160  56.326  23.334  31.714  56.308  21.708  31.592  55.575  24.624
  30.017  54.593  24.673  28.796  54.741  25.705  30.792  54.608  25.603  31.792
  54.509  27.023  30.265  54.886  27.138  29.394  54.241  28.100  31.286  54.508
  28.001  31.553  53.456  27.987  32.170  55.135  29.746  30.585  54.785  30.404
  31.696  54.440  27.096  29.868  56.371  26.756  30.676  57.237  27.517  28.632
  56.673  27.791  27.583  55.705  28.401  27.943  54.877  26.848  27.188  55.326
  28.519  26.514  56.498  29.557  26.819  56.630  28.449  25.531  56.032  27.759
  26.596  57.824  28.302  26.119  58.639  26.772  26.151  57.701  27.605  28.103
  58.036  26.681  28.322  58.571  28.786  28.622  58.874  28.840  28.399  60.089
  29.789  29.247  58.253  29.752  29.383  57.253  30.908  29.828  58.999  31.322
  29.076  59.671  32.025  30.294  58.056  31.638  31.050  57.373  33.180  30.897
  58.859  33.589  30.159  59.550  33.969  31.227  58.184  32.830  31.759  59.426
  32.533  29.110  57.229  31.727  28.705  56.617  33.337  29.441  56.572  32.910
  28.327  57.887  30.377  30.981  59.837  29.910  31.963  59.283  30.473  30.883
  61.163  30.862  30.036  61.552  29.920  31.895  62.080  28.840  31.932  61.941
  30.208  31.472  63.533  29.687  32.186  64.172  29.765  30.491  63.707  31.694
  31.442  63.966  32.254  32.229  63.460  31.738  31.669  65.031  32.352  30.073
  63.706  32.190  29.133  64.510  32.872  29.833  62.595  30.415  33.335  61.829
  29.695  34.315  62.061  31.658  33.493  61.372  32.230  32.674  61.221  32.236
  34.806  61.079  31.979  35.483  61.894  33.757  34.702  61.001  34.170  35.694
  60.815  34.138  34.323  61.949  34.138  33.834  59.956  35.096  33.776  59.935
  31.694  35.424  59.790  31.762  36.640  59.639  31.125  34.625  58.891  30.998
  33.654  59.140  30.541  35.056  57.631  30.842  36.087  57.442  31.127  34.142
  56.545  32.198  34.333  56.474  30.951  33.107  56.839  30.388  34.368  54.915
  31.165  33.498  54.264  29.007  35.020  57.673  28.411  34.150  58.291  28.357
  35.924  56.937  28.891  36.661  56.501  26.888  35.973  56.856  26.502  35.004
  57.173  26.341  37.028  57.824  26.915  37.947  57.709  25.309  37.238  57.543
  26.353  36.562  59.288  25.399  35.826  59.625  27.270  36.967  60.066  26.352
  36.135  55.425  25.430  36.903  55.134  26.945  35.408  54.478  27.673  34.766
  54.756  26.483  35.405  53.087  26.108  36.399  52.845  27.622  35.048  52.132
  27.888  34.003  52.293  27.245  35.146  51.115  28.886  35.909  52.289  29.159
  35.988  53.341  29.701  35.433  51.743  28.719  37.334  51.776  27.967  37.832
  52.389  29.675  37.846  51.877  28.314  37.364  50.367  28.737  36.654  49.787
  27.594  38.293  49.774  27.155  39.323  50.449  27.491  39.407  51.398  26.701
  40.086  49.967  27.248  38.192  48.524  27.599  37.399  48.005  26.737  38.910
  48.030  25.346  34.412  52.914  25.399  33.308  53.454  24.329  34.780  52.137
  24.364  35.695  51.711  23.213  33.897  51.782  23.438  32.895  52.148  21.913
  34.386  52.432  21.693  35.381  52.043  21.114  33.705  52.141  21.964  34.460
  53.965  22.309  33.508  54.368  22.666  35.238  54.263  20.586  34.798  54.553
  20.717  35.073  55.600  20.181  35.672  54.044  19.636  33.669  54.445  19.198
  33.515  53.549  19.343  32.810  55.409  19.873  32.905  56.602  20.527  33.655
  56.775  19.657  32.257  57.345  18.516  31.829  55.172  18.101  31.719  54.258
  18.282  31.183  55.912  23.058  33.835  50.267  23.219  34.865  49.617  22.589
  32.712  49.733  22.461  31.915  50.340  22.484  32.472  48.295  22.555  33.427
  47.775  23.643  31.604  47.810  23.567  30.605  48.238  23.553  31.528  46.726
  25.001  32.167  48.140  25.576  33.127  47.293  25.065  33.440  46.395  26.825
  33.678  47.610  27.279  34.397  46.945  27.491  33.275  48.778  28.463  33.691
  48.999  26.916  32.314  49.630  27.444  31.992  50.515  25.667  31.757  49.309
  25.218  31.016  49.954  21.151  31.849  47.899  20.450  31.247  48.724  20.749
  32.092  46.657  21.371  32.602  46.047  19.521  31.581  46.050  18.691  31.725
  46.741  19.222  32.336  44.762  20.072  32.282  44.081  18.356  31.888  44.273
  18.915  33.666  45.107  18.864  34.148  44.279  19.579  30.103  45.706  18.588
  29.409  45.933  20.705  29.613  45.197  21.465  30.251  45.011  20.899  28.219
  44.820  19.971  27.675  44.993  21.260  28.096  43.342  22.289  28.430  43.206
  21.192  27.042  43.074  20.358  28.907  42.407  19.317  28.769  42.700  20.617
  29.963  42.485  20.509  28.466  40.953  20.084  27.469  40.836  19.947  29.166
  40.334  21.909  28.433  40.510  22.602  28.084  41.156  22.340  28.685  39.294
  21.503  29.093  38.383  20.512  29.128  38.574  21.860  29.259  37.453  23.596
  28.556  38.999  24.222  28.134  39.670  23.948  28.689  38.061  21.982  27.575
  45.661  22.905  28.233  46.140  21.860  26.265  45.832  21.099  25.769  45.392
  22.848  25.509  46.589  22.956  25.970  47.571  22.391  24.066  46.772  23.138
  23.538  47.365  21.433  24.053  47.291  22.235  23.439  45.520  22.005  22.517
  45.652  24.228  25.541  45.944  25.192  25.642  46.689  24.354  25.531  44.615
  23.530  25.499  44.032  25.663  25.562  43.946  26.278  24.777  44.387  25.552
  25.308  42.428  26.561  25.307  42.015  25.190  24.299  42.236  24.678  26.346
  41.693  23.476  26.472  42.031  25.190  27.086  40.825  26.398  26.891  44.176
  27.627  26.941  44.215  25.668  27.980  44.418  24.660  27.913  44.409  26.297
  29.250  44.764  27.072  29.466  44.029  25.268  30.378  44.765  24.529  30.147
  45.533  25.789  31.301  45.017  24.551  30.576  43.429  25.299  30.773  42.661
  24.028  29.658  43.161  23.542  31.730  43.509  22.559  31.612  44.292  23.755
  32.722  42.782  26.947  29.171  46.149  28.032  29.716  46.360  26.319  28.446
  47.085  25.471  27.963  46.823  26.880  28.227  48.411  27.173  29.203  48.798
  25.828  27.608  49.349  25.003  28.315  49.430  25.455  26.685  48.904  26.358
  27.267  50.759  27.135  26.506  50.691  26.928  28.498  51.464  26.163  29.271
  51.535  27.284  28.219  52.455  27.775  28.884  50.896  25.236  26.693  51.625
  24.862  25.780  51.163  25.617  26.452  52.617  24.436  27.425  51.739  28.137
  27.369  48.326  29.138  27.696  48.949  28.115  26.288  47.553  27.275  26.089
  47.029  29.270  25.392  47.407  29.567  25.058  48.401  28.938  24.158  46.555
  29.778  23.465  46.601  27.674  23.455  47.045  26.821  24.131  46.989  27.471
  22.582  46.424  27.814  23.156  48.084  28.739  24.538  45.223  28.585  23.780
  44.654  30.467  26.113  46.797  31.595  25.925  47.257  30.245  26.987  45.810
  29.305  27.067  45.451  31.305  27.772  45.194  32.104  27.088  44.909  30.747
  28.472  43.956  30.309  27.726  43.292  29.962  29.159  44.272  31.836  29.242
  43.198  32.260  30.018  43.835  32.627  28.558  42.890  31.243  29.900  41.959
  32.049  30.315  41.354  30.708  29.157  41.368  30.325  30.977  42.333  30.063
  31.076  43.304  29.799  31.825  41.486  30.055  31.753  40.203  30.642  31.026
  39.820  29.625  32.385  39.543  29.020  32.743  41.969  28.776  32.815  42.946
  28.585  33.365  41.303  31.867  28.769  46.196  33.082  28.849  46.317  30.999
  29.470  46.926  30.014  29.321  46.761  31.377  30.450  47.950  32.005  31.222
  47.504  30.118  31.094  48.548  29.748  31.830  47.835  29.347  30.338  48.696
  30.368  31.803  49.862  30.920  33.064  49.949  31.076  33.351  51.231  31.490
  34.291  51.564  30.622  32.333  51.988  30.611  32.295  52.997  30.186  31.335
  51.137  29.810  30.363  51.420  32.174  29.810  49.074  33.183  30.335  49.512
  31.757  28.633  49.532  30.913  28.258  49.124  32.402  27.890  50.619  32.293
  28.456  51.544  31.716  26.511  50.745  31.431  26.165  49.751  32.646  25.439
  51.338  32.996  25.768  52.316  32.121  24.488  51.424  33.513  25.296  50.694
  30.423  26.626  51.574  29.800  27.423  51.169  29.880  25.685  51.489  30.648
  26.939  53.057  31.170  27.889  53.166  29.680  27.001  53.554  31.233  26.148
  53.527  33.908  27.749  50.409  34.664  27.747  51.381  34.356  27.640  49.158
  33.672  27.660  48.415  35.774  27.528  48.817  36.173  26.637  49.303  35.934
  27.419  47.302  35.308  28.160  46.805  36.972  27.642  47.058  35.601  26.018
  46.789  36.147  25.283  47.381  34.533  25.827  46.895  36.026  25.882  45.323
  36.798  26.615  45.090  36.464  24.895  45.174  34.887  26.059  44.408  34.723
  26.995  44.065  34.083  25.093  43.999  34.254  23.858  44.408  35.011  23.658
  45.047  33.635  23.128  44.087  33.101  25.361  43.181  32.955  26.295  42.826
  32.490  24.622  42.864  36.651  28.673  49.315  37.834  28.423  49.534  36.120
  29.874  49.551  35.136  30.033  49.389  36.916  30.959  50.141  37.835  31.043
  49.561  36.181  32.322  50.092  36.927  33.088  50.305  35.596  32.613  48.700
  34.839  31.876  48.435  35.127  33.597  48.676  36.388  32.612  47.951  35.087
  32.433  51.177  34.264  31.759  50.936  35.488  32.153  52.151  34.543  33.846
  51.360  34.085  34.205  50.438  33.791  33.827  52.148  35.359  34.508  51.652
  37.307  30.605  51.580  38.352  31.022  52.063  36.455  29.831  52.265  35.605
  29.549  51.799  36.642  29.425  53.653  37.162  30.225  54.180  35.277  29.188
  54.326  34.734  28.384  53.828  35.472  28.874  55.351  34.419  30.427  54.389
  34.829  31.587  55.033  33.828  32.458  54.916  33.878  33.468  55.295  32.789
  31.899  54.268  31.924  32.365  54.032  33.142  30.609  53.928  32.530  29.890
  53.403  37.517  28.185  53.773  38.362  28.095  54.660  37.323  27.205  52.891
  36.596  27.310  52.197  38.110  25.965  52.913  38.292  25.693  53.953  37.361
  24.813  52.234  37.936  23.898  52.373  35.974  24.613  52.847  35.373  25.515
  52.726  35.466  23.773  52.374  36.082  24.413  53.912  37.223  25.049  50.847
  36.730  24.317  50.469  39.479  26.128  52.268  40.350  25.284  52.473  39.675
  27.185  51.476  38.900  27.808  51.302  40.919  27.452  50.765  40.898  28.479
  50.403  41.744  27.323  51.466  41.144  26.522  49.570  42.219  26.524  48.974
  40.147  25.704  49.224  39.282  25.782  49.740  40.211  24.767  48.115  41.137
  24.199  48.205  39.023  23.805  48.222  39.113  23.260  49.162  38.110  24.398
  48.263  38.888  22.807  47.057  37.923  22.309  47.152  38.902  23.340  46.107
  39.961  21.723  47.048  40.480  21.359  46.011  40.340  21.204  48.201  41.053
  20.489  48.178  39.909  21.525  49.056  40.240  25.503  46.776  39.381  26.335
  46.480  41.191  25.104  45.932  41.839  24.397  46.248  41.390  25.640  44.586
  40.519  26.224  44.289  42.582  26.589  44.573  43.465  26.047  44.912  42.733
  26.913  43.543  42.365  27.823  45.455  41.468  28.352  45.130  42.244  27.517
  46.494  43.578  28.745  45.344  44.440  28.249  45.789  43.772  28.956  44.292
  43.295  30.053  46.078  42.400  30.503  45.650  43.091  29.831  47.126  44.424
  31.000  45.962  44.575  31.240  44.992  44.187  31.865  46.426  45.266  30.610
  46.362  41.567  24.484  43.593  42.695  24.058  43.351  40.452  23.954  43.066
  39.107  24.418  43.353  38.842  25.176  42.617  38.996  24.822  44.359  38.236
  23.186  43.210  37.196  23.452  43.019  38.330  22.564  44.100  38.902  22.472
  42.039  38.567  22.919  41.103  38.675  21.406  42.058  40.402  22.743  42.238
  40.846  21.914  42.788  41.110  22.841  40.878  41.485  21.814  40.313  41.292
  24.046  40.330  40.939  24.864  40.806  41.835  24.224  38.981  41.862  23.255
  38.482  40.915  25.129  38.156  41.020  26.167  38.472  41.213  25.053  37.110
  39.462  24.739  38.274  38.937  23.759  37.417  39.557  23.318  36.650  37.606
  23.344  37.570  37.189  22.593  36.916  36.805  23.905  38.578  35.780  23.580
  38.679  37.331  24.883  39.441  36.714  25.307  40.219  38.662  25.301  39.287
  39.075  26.043  39.954  43.268  24.726  39.004  43.583  25.701  39.673  44.151
  24.069  38.259  43.837  23.266  37.734  45.567  24.421  38.195  45.766  25.262
  38.859  46.381  23.225  38.693  46.124  23.045  39.737  46.096  22.345  38.116
  47.896  23.436  38.569  48.171  23.496  37.516  48.173  24.368  39.061  48.669
  22.283  39.191  49.077  22.313  40.338  48.863  21.206  38.453  49.358  20.445
  38.895  48.491  21.170  37.515  45.972  24.858  36.789  45.629  24.210  35.801
  46.761  25.928  36.702  47.041  26.386  37.557  47.316  26.396  35.444  46.526
  26.392  34.693  47.865  27.820  35.600  47.060  28.487  35.907  48.654  27.822
  36.352  48.555  28.411  34.033  48.904  29.613  34.499  48.393  25.434  34.975
  49.404  25.249  35.647  48.200  24.875  33.780  47.342  25.094  33.294  49.161
  23.965  33.150  49.310  23.103  33.801  48.561  23.520  31.813  47.519  23.254
  31.988  48.585  24.359  31.118  49.264  22.323  31.160  50.252  22.618  30.807
  49.361  21.510  31.880  48.403  21.861  29.978  47.430  21.552  30.361  48.235
  22.707  29.311  49.024  20.758  29.221  49.808  21.005  28.634  48.664  19.484
  29.262  47.706  19.079  30.061  47.226  19.775  30.613  47.428  18.109  30.100
  49.250  18.607  28.493  49.980  18.904  27.862  49.005  17.628  28.535  50.532
  24.618  32.976  51.524  23.907  32.955  50.567  25.947  32.840  49.684  26.431
  32.773  51.798  26.689  32.577  52.475  26.015  32.052  51.552  27.911  31.665
  50.775  28.552  32.081  52.841  28.737  31.546  53.634  28.112  31.135  52.681
  29.597  30.897  53.153  29.121  32.517  51.142  27.467  30.248  51.356  28.276
  29.550  51.740  26.603  29.961  49.654  27.127  30.107  49.055  28.001  30.360
  49.455  26.831  29.077  49.376  26.297  30.757  52.551  27.062  33.849  53.700
  26.660  34.004  51.959  27.879  34.729  51.030  28.228  34.545  52.678  28.357
  35.914  53.749  28.254  35.741  52.385  29.839  36.146  53.057  30.189  36.930
  52.581  30.407  35.237  50.670  30.092  36.679  50.826  31.401  36.897  52.421
  27.552  37.182  53.031  27.862  38.198  51.522  26.564  37.142  51.011  26.414
  36.285  51.158  25.710  38.282  50.494  24.931  37.907  52.398  25.017  38.876
  53.064  25.764  39.308  52.086  24.360  39.688  53.176  24.209  37.838  53.636
  24.889  37.121  53.979  23.685  38.356  52.163  23.008  36.932  52.321  21.612
  38.064  51.978  21.891  39.060  51.726  20.781  37.685  53.371  21.325  38.110
  50.354  26.396  39.379  50.026  25.763  40.377  49.983  27.669  39.211  50.254
  28.150  38.365  49.140  28.347  40.195  49.589  28.181  41.174  49.092  29.844
  39.902  50.114  30.223  39.906  48.656  29.988  38.914  48.262  30.615  40.940
  47.230  30.266  40.923  48.688  30.454  41.930  48.277  32.106  40.614  49.316
  32.431  40.566  47.811  32.260  39.641  47.565  32.914  41.621  46.837  32.462
  42.156  47.736  34.218  41.795  48.584  34.889  41.051  49.060  34.398  40.308
  48.676  35.891  41.144  47.098  34.858  42.737  46.374  34.402  43.274  47.172
  35.860  42.842  47.749  27.726  40.204  47.215  27.388  39.145  47.167  27.610
  41.392  47.675  27.898  42.216  45.819  27.087  41.564  45.571  26.487  40.688
  45.776  26.177  42.795  45.918  26.783  43.690  44.810  25.675  42.846  46.860
  25.126  42.755  47.897  25.287  43.372  46.643  24.079  41.993  47.370  23.378
  41.984  45.767  23.969  41.502  44.787  28.211  41.670  45.084  29.286  42.192
  43.559  27.916  41.265  43.397  26.999  40.875  42.436  28.835  41.224  42.673
  29.692  41.854  42.202  29.327  39.794  41.987  28.472  39.153  41.332  29.982
  39.782  43.374  30.081  39.220  44.404  29.379  38.571  44.334  28.306  38.473
  45.514  30.071  38.058  46.302  29.534  37.550  45.590  31.466  38.207  46.429
  32.017  37.808  44.559  32.166  38.854  44.606  33.241  38.946  43.452  31.475
  39.364  42.666  32.021  39.865  41.174  28.179  41.766  40.949  26.971  41.630
  40.346  28.992  42.407  40.557  29.979  42.448  39.070  28.550  42.969  39.221
  27.632  43.536  38.531  29.619  43.912  37.561  29.307  44.301  39.226  29.767
  44.739  38.403  30.802  43.169  38.038  31.477  43.746  38.030  28.248  41.893
  37.124  27.453  42.155  38.155  28.832  40.692  38.894  29.509  40.566  37.167
  28.691  39.620  36.547  27.820  39.833  36.276  29.932  39.592  36.907  30.819
  39.539  35.656  29.872  38.698  35.343  30.034  40.806  34.496  29.364  40.657
  35.863  29.747  41.720  34.837  31.458  41.013  34.079  31.433  41.796  35.662
  32.085  41.353  34.257  32.044  39.797  34.558  31.705  38.895  33.436  33.067
  39.780  33.041  33.588  40.906  33.430  33.271  41.782  32.424  34.387  40.868
  32.980  33.536  38.661  33.337  33.183  37.785  32.378  34.346  38.610  37.768
  28.447  38.241  38.871  28.896  37.932  37.005  27.726  37.425  36.105  27.414
  37.761  37.371  27.354  36.055  38.373  26.925  36.062  36.383  26.316  35.521
  36.708  26.017  34.524  36.367  25.447  36.178  35.087  26.874  35.444  34.473
  26.218  35.104  37.385  28.533  35.086  38.300  28.636  34.274  36.411  29.435
  35.165  35.650  29.285  35.813  36.357  30.616  34.313  36.477  30.284  33.282
  35.009  31.345  34.445  35.045  32.206  33.777  34.232  30.680  34.069  34.612
  31.806  35.867  34.971  31.145  36.868  33.865  32.803  35.993  37.514  31.571
  34.608  38.097  32.127  33.675  37.918  31.684  35.877  37.387  31.215  36.596
  39.070  32.505  36.254  38.992  33.453  35.721  39.064  32.790  37.765  39.013
  31.852  38.317  39.986  33.310  38.022  37.904  33.661  38.160  37.246  34.496
  37.259  36.316  35.142  37.954  35.636  35.867  37.533  36.367  34.756  39.233
  35.792  35.151  39.963  37.368  33.837  39.405  37.661  33.384  40.340  40.382
  31.882  35.804  41.322  32.588  35.460  40.442  30.552  35.727  39.622  30.015
  35.970  41.601  29.875  35.166  42.485  30.278  35.659  41.492  28.375  35.483
  41.442  28.293  36.569  40.556  27.998  35.071  42.629  27.463  34.981  42.581
  26.536  35.553  42.459  27.078  33.509  42.490  27.959  32.868  43.250  26.391
  33.209  41.498  26.582  33.369  44.017  28.051  35.227  44.134  28.226  36.297
  44.777  27.354  34.873  44.125  29.000  34.701  41.700  30.178  33.669  42.777
  30.462  33.153  40.576  30.131  32.961  39.720  29.887  33.441  40.519  30.383
  31.522  41.139  29.650  31.006  39.078  30.256  31.016  38.415  30.870  31.627
  38.949  30.691  29.554  39.609  30.082  28.936  37.916  30.594  29.221  39.234
  31.738  29.449  38.699  28.900  31.093  37.766  28.843  30.877  41.069  31.756
  31.175  41.888  31.876  30.263  40.624  32.800  31.868  39.940  32.674  32.600
  41.112  34.151  31.608  41.165  34.283  30.527  40.161  35.212  32.172  40.544
  36.200  31.915  38.767  35.043  31.562  38.364  34.064  31.821  38.090  35.805
  31.949  38.832  35.117  30.476  40.049  35.102  33.566  39.454  35.772  33.912
  42.535  34.334  32.112  43.302  35.005  31.427  42.939  33.640  33.180  42.270
  33.080  33.691  44.314  33.684  33.668  44.568  34.720  33.894  44.485  32.821
  34.926  44.070  33.351  35.783  43.949  31.880  34.799  45.941  32.528  35.208
  46.829  33.471  35.685  48.036  32.932  35.692  48.909  33.476  36.019  47.966
  31.655  35.270  48.747  31.019  35.194  46.650  31.387  34.933  46.253  30.482
  34.500  45.276  33.162  32.610  46.335  33.716  32.373  44.933  32.064  31.940
  44.075  31.603  32.207  45.825  31.459  30.947  46.777  31.260  31.438  45.237
  30.134  30.423  44.191  30.279  30.155  46.002  29.647  29.176  47.054  29.519
  29.433  45.587  28.716  28.789  45.918  30.376  28.371  45.338  29.090  31.552
  46.382  28.993  31.850  44.773  29.436  32.417  44.813  27.708  31.162  45.386
  27.290  30.334  44.923  27.037  32.014  43.764  27.788  30.876  46.160  32.426
  29.811  47.261  32.358  29.264  45.258  33.343  29.456  44.386  33.373  29.965
  45.520  34.348  28.419  45.780  33.830  27.496  44.280  35.204  28.189  43.945
  35.631  29.134  44.543  36.017  27.511  43.164  34.370  27.569  43.539  33.866
  26.678  42.833  33.621  28.289  41.981  35.255  27.189  41.686  35.840  28.060
  42.278  35.935  26.391  40.870  34.416  26.724  41.120  33.706  26.052  39.607
  34.486  27.103  39.170  35.437  27.884  39.841  36.140  28.161  38.200  35.519
  28.154  38.752  33.596  26.691  39.096  32.826  26.136  37.783  33.631  26.973
  46.694  35.268  28.734  47.309  35.778  27.800  47.046  35.430  30.006  46.534
  34.943  30.728  48.214  36.213  30.433  48.151  37.195  29.964  48.238  36.410
  31.959  48.985  37.165  32.205  46.872  36.873  32.486  46.081  36.157  32.262
  46.920  37.022  33.564  46.608  37.815  32.005  48.637  35.221  32.612  48.479
  35.352  33.549  49.514  35.540  29.988  50.534  36.196  29.789  49.465  34.221
  29.759  48.577  33.761  29.904  50.584  33.420  29.282  51.508  33.861  29.656
  50.453  31.979  29.805  49.502  31.544  29.499  51.248  31.388  29.350  50.612
  31.876  31.298  51.758  32.304  31.958  51.549  32.079  33.252  52.254  32.359
  34.022  50.374  31.457  33.442  49.987  31.219  34.344  49.755  31.325  32.215
  48.781  30.902  32.020  50.659  33.407  27.762  51.726  33.559  27.176  49.519
  33.171  27.117  48.683  33.031  27.666  49.428  33.018  25.660  50.316  32.493
  25.307  48.187  32.209  25.272  48.107  32.174  24.186  48.279  30.783  25.810
  48.342  30.793  26.899  47.404  30.211  25.501  49.175  30.312  25.405  47.032
  32.820  25.792  46.271  32.297  25.528  49.406  34.336  24.904  49.753  34.348
  23.727  49.020  35.442  25.540  48.673  35.362  26.485  48.891  36.736  24.876
  48.839  37.511  25.641  49.766  36.880  24.243  47.637  36.831  24.005  47.506
  37.725  23.165  46.711  35.896  24.191  46.870  35.222  24.927  45.439  35.846
  23.504  45.622  35.962  22.435  44.829  34.469  23.749  45.467  33.734  23.258
  44.830  34.285  24.824  43.395  34.316  23.234  42.773  35.083  23.695  43.391
  34.474  22.156  42.827  32.934  23.593  43.587  31.943  23.491  41.664  32.899
  24.067  44.530  36.977  23.979  44.289  37.161  25.172  43.983  37.726  23.018
  44.232  37.517  22.061  43.090  38.857  23.285  42.716  38.792  24.307  43.846
  40.167  23.188  44.287  40.240  22.194  43.120  40.966  23.343  44.931  40.301
  24.251  44.471  40.350  25.238  45.614  39.453  24.202  45.714  41.576  23.978
  46.241  41.469  23.030  45.034  42.428  23.936  46.719  41.784  25.098  46.184
  41.933  26.036  47.326  40.885  25.204  47.564  42.952  24.796  46.982  43.774
  24.719  48.216  43.093  25.555  48.065  42.792  23.935  41.889  38.837  22.345
  41.937  39.461  21.280  40.830  38.109  22.723  40.770  37.273  23.911  40.257
  37.818  24.704  41.749  36.950  24.265  39.971  36.062  23.475  39.530  35.546
  24.327  40.615  35.395  22.902  38.932  36.692  22.545  38.091  37.058  23.135
  38.592  35.971  21.801  39.654  37.878  21.886  39.983  37.590  20.888  38.714
  39.087  21.742  37.844  39.072  20.874  38.845  40.132  22.570  39.554  40.101
  23.288  37.900  41.255  22.577  37.074  41.025  21.904  37.312  41.468  23.974
  38.069  41.889  24.636  36.491  42.181  23.899  36.792  40.207  24.602  35.473
  39.799  24.351  34.833  40.386  23.709  34.997  38.611  24.926  33.982  38.290
  24.746  35.844  37.833  25.737  35.473  36.920  26.178  37.168  38.239  25.974
  37.823  37.642  26.590  37.642  39.430  25.407  38.661  39.742  25.584  38.524
  42.544  22.078  39.394  43.111  22.734  38.035  43.056  20.954  37.293  42.571
  20.469  38.516  44.309  20.393  39.420  44.603  20.927  38.893  44.096  18.929
  38.005  43.826  18.358  39.312  45.019  18.529  39.629  43.297  18.847  37.507
  45.443  20.569  36.296  45.237  20.538  38.018  46.655  20.767  39.024  46.737
  20.804  37.205  47.858  20.825  36.400  47.694  21.541  38.075  49.037  21.289
  38.433  48.842  22.300  38.928  49.139  20.618  37.146  50.593  21.276  38.158
  51.352  21.707  36.599  48.110  19.443  37.336  48.165  18.458  35.293  48.350
  19.369  34.721  48.277  20.199  34.631  48.629  18.085  34.854  47.825  17.383
  33.119  48.710  18.297  32.929  49.345  19.162  32.674  49.188  17.424  32.450
  47.352  18.498  33.041  46.337  18.060  31.370  47.362  19.124  35.093  49.945
  17.451  35.021  50.143  16.233  35.547  50.879  18.289  35.479  50.686  19.279
  35.950  52.211  17.848  35.404  52.444  16.934  35.563  53.257  18.910  35.927
  52.933  19.885  36.173  54.629  18.584  35.815  54.960  17.609  35.891  55.365
  19.337  37.262  54.579  18.571  34.026  53.358  18.951  33.679  53.811  18.022
  33.591  52.362  19.027  33.502  54.177  20.131  33.872  55.201  20.081  32.413
  54.202  20.087  33.817  53.714  21.067  37.413  52.281  17.434  37.683  52.804
  16.359  38.348  51.768  18.241  38.066  51.343  19.113  39.776  51.886  17.920
  39.884  52.444  16.989  40.481  52.689  19.015  41.485  52.921  18.659  39.947
  53.624  19.181  40.596  51.765  20.572  41.311  52.711  21.187  40.482  50.565
  17.629  41.661  50.565  17.298  39.800  49.431  17.777  38.821  49.457  18.026
  40.381  48.128  17.485  39.576  47.399  17.391  40.918  48.205  16.539  41.372
  47.626  18.535  41.963  46.562  18.354  41.572  48.348  19.647  41.102  49.236
  19.754  42.446  47.872  20.716  43.417  47.655  20.273  42.605  48.961  21.774
  43.088  49.821  21.311  41.630  49.239  22.174  43.477  48.462  22.912  42.904
  47.796  23.558  44.308  47.916  22.467  44.004  49.639  23.732  44.782  50.151
  23.166  43.185  50.337  23.910  44.547  49.227  25.030  44.303  49.802  25.824
  45.373  48.229  25.283  45.778  47.366  24.378  45.459  47.489  23.428  46.355
  46.584  24.655  45.823  48.120  26.484  45.512  48.674  27.270  46.317  47.297
  26.799  41.896  46.577  21.299  40.707  46.510  21.600  42.761  45.574  21.440
  43.719  45.727  21.160  42.385  44.252  21.949  41.312  44.115  21.811  43.122
  43.161  21.176  44.176  43.431  21.111  43.023  42.216  21.710  42.542  42.958
  19.779  41.539  42.539  19.867  42.498  43.914  19.256  43.431  41.993  18.996
  44.452  42.374  18.996  43.412  41.011  19.469  42.929  41.875  17.561  42.070
  41.203  17.544  42.592  42.854  17.221  44.000  41.374  16.677  44.304  40.466
  16.997  43.657  41.303  15.729  44.787  42.007  16.698  42.643  44.090  23.438
  43.602  44.652  23.965  41.849  43.223  24.046  41.113  42.793  23.505  41.878
  42.891  25.458  42.861  43.150  25.854  40.817  43.685  26.218  39.823  43.387
  25.885  40.911  43.437  27.275  40.953  45.175  26.058  41.806  45.883  26.917
  42.332  45.363  27.704  41.970  47.264  26.755  42.622  47.796  27.433  41.284
  47.936  25.729  41.420  49.001  25.609  40.429  47.226  24.863  39.903  47.737
  24.070  40.266  45.841  25.030  39.626  45.279  24.365  41.645  41.405  25.676
  40.968  40.742  24.880  42.222  40.899  26.757  42.719  41.512  27.387  42.067
  39.516  27.172  42.199  38.871  26.304  43.163  39.194  28.186  43.051  39.819
  29.071  43.083  38.148  28.481  44.146  39.369  27.750  40.676  39.229  27.754
  40.180  38.109  27.599  40.010  40.217  28.363  40.514  41.073  28.546  38.692
  40.067  28.987  38.286  39.099  28.693  38.808  40.093  30.519  39.306  41.013
  30.827  37.797  40.068  30.926  39.576  38.897  31.090  39.075  37.986  30.761
  40.583  38.894  30.675  39.698  38.837  32.623  39.093  38.008  32.990  40.743
  38.624  32.850  39.300  40.054  33.356  38.600  40.661  32.954  39.707  40.371
  34.572  40.574  39.616  35.186  40.918  38.764  34.767  40.856  39.862  36.124
  39.274  41.442  35.171  38.557  42.010  34.744  39.536  41.659  36.122  37.686
  41.108  28.519  38.003  42.250  28.189  36.427  40.699  28.472  36.208  39.756
  28.761  35.328  41.572  28.052  35.556  41.974  27.065  34.040  40.767  27.976
  33.224  41.409  27.642  34.159  39.927  27.292  33.772  40.319  29.273  33.041
  39.699  29.225  35.102  42.757  28.994  34.752  43.837  28.507  35.336  42.606
  30.299  35.577  41.695  30.663  35.207  43.698  31.259  34.267  44.210  31.053
  35.156  43.172  32.701  34.931  44.014  33.355  34.334  42.461  32.775  36.454
  42.490  33.156  36.765  41.403  32.625  37.188  43.054  33.994  36.334  44.721
  31.083  36.119  45.920  31.280  37.488  44.300  30.557  37.594  43.324  30.319
  38.558  45.226  30.211  38.744  45.875  31.067  39.841  44.486  29.835  39.617
  43.734  29.079  40.521  45.217  29.397  40.537  43.816  31.017  40.781  44.578
  31.757  39.862  43.091  31.471  41.810  43.127  30.523  41.676  42.056  29.880
  42.876  43.761  30.668  38.140  46.073  29.013  38.282  47.300  29.011  37.546
  45.431  27.998  37.422  44.432  28.082  37.051  46.130  26.819  37.880  46.704
  26.407  36.548  45.123  25.783  37.330  44.395  25.565  35.710  44.587  26.228
  36.124  45.823  24.473  35.740  46.823  24.672  36.993  45.921  23.822  35.023
  45.040  23.755  34.722  45.572  22.852  35.425  44.070  23.463  33.843  44.888
  24.629  33.559  45.705  25.151  33.195  43.762  24.876  33.444  42.666  24.203
  34.185  42.686  23.517  32.921  41.822  24.388  32.296  43.733  25.819  32.156
  44.537  26.415  31.766  42.896  26.013  35.951  47.102  27.230  35.962  48.248
  26.796  34.997  46.675  28.059  35.060  45.720  28.383  33.891  47.508  28.542
  33.318  47.858  27.683  32.993  46.658  29.447  32.643  45.798  28.876  33.578
  46.297  30.294  31.782  47.430  29.990  32.102  48.115  30.775  31.315  47.999
  29.186  30.775  46.431  30.565  30.407  45.787  29.766  31.280  45.802  31.298
  29.587  47.098  31.257  28.946  46.305  31.641  29.948  47.667  32.115  28.805
  47.961  30.341  28.444  47.401  29.582  28.009  48.337  30.836  29.376  48.694
  29.945  34.392  48.737  29.292  33.877  49.836  29.064  35.391  48.581  30.162
  35.750  47.653  30.333  35.994  49.698  30.885  35.203  50.231  31.411  36.993
  49.151  31.912  36.497  48.401  32.529  37.822  48.676  31.388  37.524  50.265
  32.825  38.047  51.015  32.232  36.689  50.737  33.342  38.489  49.718  33.871
  38.783  50.531  34.535  37.990  48.953  34.466  39.694  49.151  33.255  39.746
  49.074  32.249  40.721  48.703  33.941  40.736  48.745  35.250  39.951  49.109
  35.771  41.517  48.373  35.773  41.724  48.218  33.275  41.755  48.113  32.271
  42.491  47.830  33.806  36.657  50.664  29.908  36.517  51.871  30.075  37.289
  50.137  28.858  37.348  49.130  28.796  37.957  50.921  27.828  38.526  51.711
  28.317  38.914  50.047  27.010  39.814  49.908  27.609  38.474  49.069  26.818
  39.340  50.672  25.701  40.446  51.504  25.579  40.496  51.880  24.303  41.263
  52.530  23.908  39.488  51.327  23.606  39.348  51.424  22.611  38.735  50.567
  24.476  37.836  50.015  24.244  37.002  51.638  26.900  37.199  52.808  26.682
  35.959  51.030  26.347  35.822  50.046  26.528  35.151  51.697  25.307  35.791
  51.923  24.455  34.013  50.786  24.843  33.318  50.627  25.668  33.266  51.391
  23.660  33.968  51.553  22.842  32.458  50.731  23.342  32.829  52.349  23.940
  34.540  49.549  24.410  33.810  48.988  24.139  34.575  53.032  25.783  34.414
  53.963  24.998  34.333  53.141  27.089  34.599  52.353  27.662  33.848  54.341
  27.765  32.839  54.562  27.418  33.858  54.040  29.259  34.058  52.978  29.399
  34.670  54.596  29.728  32.550  54.398  29.964  32.291  55.439  29.772  31.747
  53.757  29.599  32.743  54.187  31.470  33.533  54.857  31.808  31.825  54.448
  31.997  33.148  52.745  31.801  34.073  52.515  31.272  33.358  52.669  32.868
  32.095  51.787  31.398  31.930  51.868  30.405  32.382  50.839  31.593  31.240
  51.995  31.895  34.701  55.587  27.515  34.141  56.668  27.402  36.021  55.438
  27.401  36.423  54.516  27.499  36.935  56.573  27.214  36.738  57.305  27.997
  38.411  56.131  27.301  39.009  57.040  27.364  38.670  55.321  28.588  38.090
  54.399  28.581  39.728  55.075  28.688  38.389  55.922  29.453  38.865  55.392
  26.018  38.297  54.477  25.855  38.684  56.021  25.147  40.354  55.057  26.021
  40.599  54.404  26.858  40.594  54.543  25.090  40.925  55.983  26.092  36.694
  57.319  25.907  37.106  58.459  25.782  36.052  56.692  24.917  35.742  55.740
  25.044  35.754  57.375  23.658  36.634  57.954  23.376  35.451  56.347  22.569
  34.597  55.738  22.865  35.197  56.889  21.658  36.642  55.483  22.262  37.846
  55.998  21.795  38.665  54.961  21.645  39.685  55.066  21.306  38.038  53.812
  21.963  38.447  52.889  21.930  36.753  54.122  22.358  35.985  53.436  22.683
  34.617  58.385  23.766  34.344  59.103  22.806  33.914  58.396  24.899  34.240
  57.827  25.667  32.987  59.464  25.216  32.408  59.714  24.327  32.060  59.036
  26.362  32.687  58.797  27.221  31.443  59.895  26.629  31.143  57.836  26.082
  31.735  56.974  25.777  30.388  57.476  27.364  29.797  58.329  27.698  29.732
  56.623  27.190  31.107  57.228  28.145  30.132  58.156  24.981  30.662  58.376
  24.054  29.483  57.296  24.812  29.530  59.018  25.267  33.802  60.678  25.654
  33.549  61.786  25.184  34.739  60.423  26.582  34.839  59.467  26.891  35.730
  61.346  27.128  36.309  61.757  26.301  34.985  62.459  27.876  34.172  62.853
  27.267  34.548  62.043  28.784  35.927  63.623  28.191  36.948  63.375  27.901
  35.618  64.485  27.600  35.886  63.992  29.677  36.457  64.909  29.824  34.850
  64.188  29.956  36.438  62.936  30.548  35.773  62.360  31.045  37.719  62.622
  30.679  38.653  63.254  30.008  38.340  63.903  29.301  39.612  62.941  30.063
  38.093  61.717  31.544  37.389  61.260  32.106  39.062  61.442  31.617  36.706
  60.620  28.074  37.919  60.931  28.033  36.203  59.858  28.929
