Cpptraj Generated trajectory                                                    
  68.302  28.943  56.173  67.975  28.043  56.239  67.964  27.409  54.960  68.945
  27.478  54.490  67.241  27.912  54.317  67.591  25.920  55.040  67.664  25.484
  54.043  68.533  25.214  55.838  67.841  24.250  56.616  68.295  23.272  56.459
  67.970  24.582  58.062  68.460  25.792  58.488  68.731  26.544  57.761  68.611
  26.058  59.805  68.970  27.026  60.122  68.289  25.017  60.714  68.424  25.248
  61.991  68.208  24.477  62.608  68.753  26.126  62.365  67.871  23.826  60.314
  67.703  23.579  58.991  67.329  22.469  58.617  66.174  25.628  55.568  65.902
  26.251  56.421  66.379  24.221  56.118  65.646  24.060  56.908  66.305  23.204
  55.135  66.135  22.366  55.572  65.158  25.769  54.589  63.707  26.311  55.011
  62.912  26.612  53.811  63.901  27.413  55.997  63.033  25.073  55.760  62.616
  23.902  55.074  63.436  23.502  54.478  61.790  24.155  54.410  62.158  22.808
  56.050  61.805  21.955  55.470  63.250  22.329  56.838  62.784  22.074  58.157
  63.067  21.062  58.446  63.420  23.014  59.119  63.953  24.201  58.700  63.876
  24.469  57.657  64.575  25.032  59.565  64.982  25.965  59.202  64.636  24.615
  60.921  65.185  25.422  61.790  65.212  25.101  62.747  65.585  26.308  61.516
  64.137  23.466  61.352  63.527  22.639  60.459  63.066  21.565  60.841  61.019
  23.222  56.999  61.174  24.209  57.434  61.248  22.209  58.119  60.816  22.611
  59.035  60.747  20.917  57.830  60.587  20.459  58.658  59.725  23.218  56.413
  58.585  24.170  57.006  57.353  24.100  56.199  59.156  25.525  57.192  58.263
  23.545  58.436  57.629  22.278  58.560  58.193  21.515  58.024  56.630  22.332
  58.128  57.519  21.839  60.024  56.981  20.892  60.061  58.805  21.603  60.586
  58.788  22.003  61.949  59.122  21.169  62.565  59.734  23.131  62.149  60.134
  23.917  61.101  59.720  23.736  60.120  61.018  24.922  61.282  61.318  25.524
  60.437  61.494  25.127  62.603  62.291  26.137  62.827  62.593  26.262  63.783
  62.617  26.736  62.082  61.111  24.388  63.634  60.241  23.364  63.427  59.877
  22.670  64.378  56.792  22.840  60.935  57.133  23.865  60.789  57.331  22.391
  62.291  57.247  23.233  62.977  56.695  21.240  62.821  56.856  21.205  63.767
  55.388  22.858  60.792  54.569  24.190  61.121  53.162  23.967  60.771  55.278
  25.370  60.522  54.709  24.292  62.707  54.094  23.341  63.568  54.435  22.336
  63.321  53.011  23.371  63.445  54.440  23.611  65.036  53.914  22.886  65.658
  55.834  23.419  65.278  56.261  24.376  66.240  56.737  23.860  67.074  57.257
  25.301  65.643  57.358  25.445  64.284  56.663  24.911  63.653  58.293  26.254
  63.735  58.379  26.333  62.661  59.145  26.944  64.642  60.020  27.780  64.151
  60.620  28.242  64.820  60.162  27.888  63.157  59.081  26.805  65.956  58.135
  25.986  66.487  58.060  25.867  67.708  54.057  25.014  65.533  54.348  25.803
  64.840  54.997  25.111  66.730  55.141  26.167  66.960  54.561  24.390  67.864
  54.968  24.767  68.647  52.682  25.195  65.811  52.059  26.668  65.740  50.604
  26.601  65.975  52.522  27.324  64.497  52.778  27.409  66.957  52.552  26.999
  68.294  52.781  25.939  68.403  51.503  27.141  68.558  53.436  27.789  69.261
  53.215  27.452  70.273  54.820  27.532  69.042  55.552  28.720  69.311  56.312
  28.527  70.068  56.250  29.120  68.073  56.043  28.677  66.791  55.239  28.001
  66.543  56.875  29.150  65.901  57.677  30.004  66.674  58.743  30.876  66.379
  59.212  31.038  65.150  59.966  31.691  64.992  58.753  30.545  64.398  59.323
  31.583  67.354  58.861  31.455  68.596  59.348  32.035  69.365  57.870  30.682
  69.018  57.312  29.982  67.994  53.227  29.308  69.215  53.198  29.716  68.205
  54.544  29.772  69.821  54.730  30.777  69.441  54.562  29.724  71.242  55.292
  30.271  71.541  52.068  29.740  69.894  51.164  30.888  69.229  49.993  31.060
  70.109  51.008  30.585  67.774  52.136  32.154  69.364  52.437  32.734  70.619
  52.733  31.947  71.312  51.556  33.240  71.015  53.592  33.738  70.519  53.789
  34.126  71.519  54.793  33.095  70.097  55.536  34.005  69.302  56.539  34.088
  69.720  55.680  33.499  67.919  54.739  32.672  67.356  53.879  32.380  67.941
  54.870  32.236  66.081  54.112  31.590  65.662  55.998  32.627  65.264  56.173
  32.266  64.104  56.915  33.433  65.907  57.711  33.745  65.370  56.811  33.895
  67.205  57.679  34.622  67.698  53.355  34.946  69.598  52.934  34.662  68.633
  54.804  35.361  69.364  54.809  35.923  68.430  55.397  36.096  70.434  56.138
  36.596  70.083  52.562  35.984  70.131  51.853  37.024  69.130  50.983  37.892
  69.949  51.335  36.272  67.967  53.101  37.881  68.600  53.664  38.883  69.414
  54.029  38.432  70.336  52.905  39.621  69.671  54.828  39.581  68.715  55.195
  40.349  69.396  55.908  38.677  68.471  56.625  39.142  67.338  57.666  39.317
  67.610  56.624  38.126  66.276  55.792  37.052  66.135  54.994  36.848  66.834
  56.036  36.333  65.076  57.105  36.993  64.457  57.823  36.731  63.235  57.671
  35.839  62.400  58.832  37.647  62.985  59.356  37.500  62.134  59.133  38.694
  63.798  60.136  39.478  63.462  60.619  39.354  62.584  60.324  40.271  64.058
  58.497  38.976  64.934  57.483  38.090  65.203  54.510  40.255  67.369  53.986
  39.587  66.686  55.936  40.430  66.859  55.860  40.514  65.775  56.665  41.520
  67.430  57.361  41.727  66.803  53.818  41.485  67.395  52.969  41.935  66.108
  52.330  43.236  66.451  52.207  40.801  65.551  54.083  42.238  65.004  54.997
  43.292  65.155  55.511  43.175  66.109  54.457  44.239  65.152  56.045  43.295
  64.040  56.790  44.050  64.290  56.756  42.061  63.993  57.102  41.773  62.648
  58.179  41.615  62.588  56.449  40.524  62.183  55.378  39.990  62.850  54.975
  40.488  63.720  54.804  38.848  62.418  53.946  38.463  62.949  55.358  38.230
  61.269  54.797  37.157  60.787  55.249  36.719  59.996  54.039  36.725  61.295
  56.400  38.725  60.614  56.975  39.865  61.066  57.947  40.319  60.451  55.523
  43.611  62.628  54.611  43.078  62.358  56.658  42.999  61.826  56.253  42.744
  60.847  57.763  43.882  61.748  58.322  43.541  61.046  55.352  44.995  62.343
  54.187  45.430  61.332  54.284  46.869  61.015  52.910  44.881  61.793  54.518
  44.678  59.964  55.627  45.025  59.168  56.523  45.074  59.787  55.442  46.003
  58.724  55.855  43.983  58.066  56.742  44.269  57.501  56.152  42.705  58.610
  55.523  41.697  57.841  56.241  40.910  57.613  54.438  41.070  58.611  53.757
  41.582  59.685  53.972  42.552  60.110  52.824  40.800  60.141  52.921  39.660
  59.334  52.166  38.436  59.334  51.220  38.120  60.051  52.560  37.529  58.363
  52.066  36.649  58.328  53.572  37.773  57.488  53.836  36.821  56.623  53.336
  35.944  56.593  54.565  36.980  55.943  54.289  38.905  57.434  53.916  39.813
  58.394  54.687  43.809  57.085  53.720  43.747  57.583  55.002  42.403  56.582
  54.077  41.975  56.196  56.079  42.350  55.667  55.925  41.607  55.079  54.620
  44.837  56.109  53.203  45.463  55.667  53.410  46.914  55.793  52.065  44.895
  56.431  53.058  45.026  54.132  53.367  43.698  53.711  52.557  43.287  53.109
  53.504  43.043  54.571  54.662  43.702  52.890  55.316  44.468  53.307  55.356
  42.472  53.025  56.009  42.155  51.810  57.071  41.973  51.972  55.400  40.899
  51.343  54.322  40.241  51.874  53.741  40.651  52.687  54.067  39.089  51.324
  55.054  38.987  50.337  55.372  38.027  49.348  54.685  36.908  49.155  54.920
  36.267  48.410  53.874  36.786  49.744  56.429  38.208  48.554  57.136  39.327
  48.697  57.988  39.448  48.044  56.966  40.307  49.569  55.887  40.074  50.363
  54.501  43.995  51.391  53.659  43.470  50.939  55.790  43.354  50.869  55.632
  43.065  49.830  56.913  44.212  51.011  57.634  43.884  50.470  54.374  45.359
  51.061  53.619  45.771  49.719  53.985  47.165  49.438  52.179  45.425  49.851
  54.227  44.817  48.587  55.400  45.141  47.871  56.263  45.153  48.536  55.265
  46.133  47.439  55.658  44.123  46.752  56.546  44.433  46.200  55.940  42.829
  47.288  55.320  41.846  46.468  56.033  41.060  46.221  54.234  41.202  47.231
  53.581  41.687  48.333  53.806  42.653  48.761  52.686  40.879  48.824  52.742
  39.764  47.977  51.995  38.528  47.963  51.084  38.157  48.702  52.364  37.647
  46.955  51.871  36.768  46.895  53.341  37.924  46.056  53.612  36.989  45.173
  53.132  36.104  45.092  54.336  37.212  44.505  54.053  39.051  46.038  53.707
  39.945  47.013  54.522  43.984  45.727  53.535  43.957  46.187  54.810  42.578
  45.209  53.866  42.183  44.834  55.830  42.506  44.218  55.605  41.741  43.683
  54.493  44.976  44.718  53.066  45.482  44.182  53.269  46.387  43.034  52.251
  45.938  45.334  52.376  44.135  43.675  52.767  43.497  42.477  53.830  43.258
  42.521  52.590  44.158  41.628  51.990  42.197  42.261  52.320  41.789  41.305
  52.286  41.246  43.289  51.111  40.503  43.588  51.327  39.435  43.565  50.657
  40.838  44.951  50.984  41.931  45.710  51.660  42.691  45.346  50.405  41.982
  46.881  49.655  40.790  46.894  48.782  40.179  47.826  48.517  40.725  49.003
  47.865  40.288  49.639  48.975  41.598  49.221  48.167  39.021  47.542  48.435
  38.464  46.363  47.943  37.528  46.143  49.234  38.900  45.401  49.811  40.088
  45.729  50.462  42.327  42.178  50.053  42.960  42.964  50.070  40.889  42.520
  49.046  40.916  42.891  50.210  39.969  41.446  49.701  39.180  41.648  49.952
  42.799  40.943  48.625  43.698  40.943  48.267  44.095  39.565  48.791  44.786
  41.935  47.532  42.663  41.506  47.167  41.497  40.783  48.058  40.909  40.562
  46.697  41.772  39.839  46.206  40.621  41.595  45.962  39.735  41.008  46.823
  40.147  42.789  45.875  40.163  43.842  45.889  39.199  44.351  46.259  41.187
  44.829  47.241  42.138  44.727  47.844  42.250  43.838  47.377  42.884  45.788
  46.397  42.394  46.657  46.033  42.794  47.988  46.525  43.675  48.697  45.001
  42.038  48.523  44.689  42.293  49.449  44.405  41.000  47.875  43.451  40.340
  48.496  43.155  40.657  49.408  42.989  39.595  47.994  44.724  40.579  46.655
  45.725  41.330  46.089  44.885  41.300  41.985  45.026  42.323  42.333  44.505
  40.457  43.200  43.846  41.072  43.813  43.918  39.194  42.898  43.435  38.888
  43.669  43.905  41.322  40.968  42.860  42.537  40.914  41.977  42.346  39.746
  43.582  43.813  41.117  41.996  42.284  42.237  41.134  41.174  42.344  41.716
  40.255  42.271  40.412  41.199  41.527  40.387  41.177  43.680  39.706  40.326
  43.681  41.269  40.975  44.785  40.809  41.759  45.877  40.725  41.123  46.758
  41.779  42.823  46.215  42.703  43.268  45.300  42.722  42.845  44.306  43.584
  44.242  45.624  44.293  44.585  44.884  43.581  44.850  46.936  44.306  45.758
  47.312  42.662  44.316  47.807  42.621  44.736  48.724  41.745  43.333  47.515
  40.944  42.946  48.373  39.555  42.441  43.958  40.103  43.361  43.754  39.431
  42.317  45.475  39.221  43.316  45.856  38.476  41.360  45.937  38.211  41.630
  46.819  38.313  42.528  43.283  37.692  43.982  42.975  36.454  43.830  42.185
  38.733  44.880  42.447  37.327  44.497  44.450  36.336  43.849  45.219  36.617
  42.807  45.377  35.387  43.865  44.684  36.170  44.521  46.585  35.406  43.974
  47.138  37.366  44.445  47.356  37.462  45.601  48.177  37.523  45.308  49.225
  38.712  46.321  47.859  39.636  46.043  46.886  39.493  45.263  46.153  40.687
  46.815  46.920  40.438  47.680  47.989  41.117  48.783  48.572  42.277  49.262
  48.150  42.685  50.123  48.485  42.687  48.817  47.342  40.604  49.424  49.632
  39.440  48.978  50.093  39.033  49.508  50.941  38.681  47.982  49.657  39.244
  47.365  48.581  35.743  45.995  46.533  36.299  46.573  45.795  36.199  46.454
  47.918  36.413  47.520  47.835  35.257  46.210  48.965  35.557  46.687  49.742
  34.365  46.219  46.312  33.910  47.443  45.398  32.447  47.616  45.584  34.518
  47.348  44.056  34.626  48.687  46.102  34.128  49.229  47.299  34.063  48.437
  48.045  33.137  49.644  47.114  35.042  50.329  47.837  34.606  50.721  48.755
  36.313  49.813  48.201  37.304  50.783  47.907  37.955  50.927  48.770  38.160
  50.304  46.814  37.929  49.276  45.945  37.043  48.661  45.998  38.852  49.133
  45.043  39.805  50.109  45.374  41.064  50.469  44.777  41.620  49.987  43.790
  41.696  51.513  45.437  42.561  51.820  45.014  41.178  52.163  46.521  41.873
  53.110  47.111  42.704  53.420  46.629  41.473  53.652  47.863  40.022  51.859
  47.105  39.383  50.825  46.475  35.276  51.508  46.888  35.540  51.193  45.879
  36.549  52.065  47.508  37.047  52.638  46.726  36.353  52.821  48.698  37.131
  53.377  48.778  34.196  52.415  46.794  33.974  53.190  45.405  32.711  53.937
  45.608  34.099  52.182  44.325  35.256  54.143  45.348  35.500  55.127  46.334
  35.474  54.660  47.318  34.733  55.901  46.299  36.879  55.764  46.148  37.047
  56.456  46.973  37.915  54.789  46.228  38.983  55.202  45.388  39.911  55.261
  45.957  39.199  54.204  44.330  38.486  53.064  44.078  37.617  52.798  44.661
  38.942  52.349  43.087  40.066  53.082  42.655  41.006  52.870  41.584  41.028
  51.973  40.737  41.979  53.856  41.505  42.654  53.772  40.758  42.063  54.918
  42.353  43.032  55.788  42.195  43.668  55.691  41.417  43.070  56.596  42.800
  41.214  55.155  43.344  40.236  54.205  43.437  37.073  56.552  44.845  36.732
  56.021  43.956  38.596  56.577  44.808  38.885  56.714  43.766  39.187  57.549
  45.660  40.066  57.721  45.314  36.470  57.826  44.853  35.836  58.413  43.504
  35.255  59.737  43.773  34.978  57.396  42.860  37.077  58.581  42.511  38.118
  59.501  42.769  38.468  59.384  43.795  37.738  60.515  42.640  39.312  59.271
  41.832  40.093  59.985  42.092  39.877  57.979  42.033  40.233  57.424  40.776
  41.246  57.023  40.812  39.326  56.294  40.487  38.168  55.945  41.135  37.742
  56.540  41.929  37.639  54.827  40.726  38.530  54.383  39.739  38.538  53.193
  38.923  37.747  52.248  38.913  39.598  53.131  38.025  39.628  52.332  37.408
  40.564  54.090  37.949  41.491  53.946  37.026  41.569  53.105  36.472  42.233
  54.630  37.073  40.611  55.188  38.704  39.562  55.283  39.582  39.019  59.430
  40.331  38.071  58.985  40.028  40.140  58.571  39.756  39.856  58.254  38.752
  41.392  59.242  39.760  41.997  58.796  39.162  39.043  60.760  39.865  38.144
  61.155  38.611  38.445  62.562  38.273  36.764  60.688  38.921  38.696  60.205
  37.457  39.878  60.501  36.749  40.725  60.522  37.436  39.776  61.475  36.271
  40.132  59.436  35.682  41.034  59.700  35.130  40.367  58.159  36.280  39.750
  57.165  35.477  40.460  56.365  35.270  38.612  56.574  36.206  37.899  57.101
  37.252  38.132  58.070  37.669  36.931  56.342  37.698  37.020  55.220  36.851
  36.286  54.015  36.722  35.239  53.716  37.479  34.757  52.838  37.346  34.993
  54.375  38.203  36.622  53.111  35.794  37.657  53.380  35.007  37.911  52.635
  34.267  38.449  54.444  35.014  38.055  55.345  35.960  38.986  59.277  34.672
  38.009  59.239  35.153  39.292  57.866  34.186  38.350  57.484  33.792  40.365
  57.765  33.251  40.283  56.933  32.779  38.908  60.246  33.648  37.463  60.650
  33.064  37.678  61.676  32.032  36.548  60.923  34.190  36.975  59.278  32.394
  37.681  58.670  31.337  38.735  58.594  31.606  37.599  59.276  30.435  37.136
  57.259  31.076  37.716  56.817  30.265  37.313  56.389  32.189  36.158  55.593
  32.359  36.456  54.556  32.511  35.416  56.025  33.561  35.571  57.153  34.331
  36.292  57.924  34.100  34.774  57.209  35.366  34.035  56.030  35.258  33.005
  55.447  36.026  32.523  56.011  37.129  31.751  55.570  37.607  32.892  56.922
  37.361  32.482  54.269  35.672  32.962  53.686  34.577  32.524  52.739  34.299
  33.916  54.106  33.757  34.422  55.302  34.167  35.651  57.205  30.693  35.024
  57.835  31.325  35.317  55.769  31.079  34.243  55.728  31.265  35.708  54.777
  30.134  35.254  53.965  30.372  35.399  57.530  29.344  34.197  58.529  28.970
  34.393  59.032  27.599  33.904  59.458  30.080  32.955  57.530  28.950  32.911
  56.434  28.068  33.886  55.948  28.028  32.628  56.768  27.070  31.895  55.423
  28.592  31.914  54.538  27.955  32.250  54.980  29.895  31.074  54.768  30.653
  31.097  53.749  31.039  31.025  55.678  31.832  31.898  56.724  31.982  32.632
  56.933  31.218  31.833  57.519  33.072  32.535  58.335  33.155  30.837  57.224
  34.041  30.689  58.001  35.084  30.005  57.729  35.775  31.355  58.749  35.221
  29.985  56.223  33.916  30.083  55.410  32.829  29.302  54.467  32.686  30.454
  55.953  28.653  30.373  56.959  29.064  29.883  54.978  29.682  29.019  55.459
  30.141  29.513  53.716  29.139  29.053  53.217  29.818  29.765  55.962  27.414
  28.935  56.426  27.545  62.625  29.642  43.150  63.405  29.447  42.627  64.298
  28.654  43.406  63.808  27.717  43.672  64.557  29.170  44.331  65.601  28.321
  42.664  66.239  27.731  43.322  65.341  27.492  41.543  66.231  27.829  40.487
  66.808  26.945  40.215  65.460  28.241  39.279  64.106  28.456  39.344  63.603
  28.382  40.296  63.398  28.762  38.232  62.335  28.938  38.301  64.113  28.820
  37.003  63.457  29.121  35.914  63.973  29.191  35.049  62.473  29.344  35.931
  65.413  28.580  36.913  66.110  28.269  38.039  67.317  28.031  37.963  66.422
  29.533  42.204  65.808  30.336  41.796  67.185  28.915  41.033  67.383  29.708
  40.313  68.383  28.254  41.412  68.924  28.169  40.624  67.228  30.081  43.235
  67.644  31.626  43.167  68.434  31.976  44.365  66.451  32.423  42.809  68.647
  31.677  41.937  69.939  31.120  42.002  69.875  30.055  42.227  70.496  31.622
  42.793  70.669  31.294  40.667  71.694  30.941  40.780  70.094  30.481  39.652
  70.125  31.194  38.424  70.597  30.576  37.661  68.740  31.482  37.963  67.703
  31.582  38.845  67.908  31.507  39.903  66.435  31.768  38.417  65.634  31.831
  39.138  66.242  31.896  37.016  65.038  32.156  36.578  64.926  32.249  35.579
  64.241  32.210  37.196  67.239  31.842  36.146  68.501  31.616  36.598  69.445
  31.578  35.810  70.716  32.743  40.158  69.753  33.247  40.232  70.951  32.473
  38.677  70.592  33.333  38.113  72.303  32.178  38.364  72.385  32.310  37.417
  71.685  33.558  40.803  71.439  35.140  40.858  72.533  35.617  41.725  70.040
  35.384  41.258  71.666  35.588  39.347  72.911  35.405  38.703  73.210  34.359
  38.777  73.668  36.020  39.189  72.821  35.773  37.221  73.813  35.681  36.779
  71.993  34.861  36.509  71.281  35.585  35.512  71.454  35.124  34.540  69.817
  35.532  35.774  69.320  35.189  37.001  70.000  35.074  37.832  67.991  35.046
  37.200  67.621  34.775  38.177  67.141  35.329  36.101  65.849  35.301  36.295
  65.278  35.491  35.483  65.458  34.990  37.172  67.601  35.694  34.915  68.942
  35.786  34.719  69.386  36.116  33.620  72.308  37.198  36.960  71.424  37.448
  37.547  71.837  37.027  35.523  71.086  37.791  35.321  72.897  37.074  34.586
  72.516  37.257  33.724  73.269  38.212  37.196  72.778  39.679  37.596  73.999
  40.434  37.945  71.691  39.598  38.595  72.160  40.242  36.248  72.964  40.443
  35.102  73.506  39.527  34.864  73.684  41.239  35.293  72.112  40.812  33.888
  72.777  41.023  33.050  71.283  39.726  33.488  70.064  40.254  32.977  69.906
  39.880  31.966  68.919  39.802  33.809  69.105  39.369  35.093  70.095  39.407
  35.524  68.066  38.924  35.832  68.231  38.580  36.842  66.784  38.955  35.221
  65.748  38.602  35.933  64.851  38.610  35.468  65.863  38.240  36.868  66.578
  39.367  33.980  67.641  39.792  33.247  67.460  40.193  32.099  71.208  42.033
  34.096  70.643  41.989  35.027  70.211  41.790  32.970  69.295  42.330  33.214
  70.701  42.146  31.691  69.945  42.285  31.116  71.877  43.277  34.087  71.243
  44.495  34.903  72.102  45.686  34.792  70.826  44.058  36.271  69.890  44.782
  34.119  69.897  45.236  32.772  70.431  44.528  32.138  70.406  46.197  32.695
  68.469  45.373  32.237  68.518  45.773  31.225  67.825  44.106  32.151  66.441
  44.277  32.429  65.839  43.907  31.599  66.115  43.459  33.612  66.976  42.929
  34.537  68.038  43.117  34.496  66.408  42.223  35.478  65.052  42.268  35.106
  63.860  41.749  35.658  63.839  41.032  36.771  62.952  40.656  37.074  64.727
  40.788  37.186  62.678  42.021  35.094  62.662  42.760  33.988  61.699  42.950
  33.537  63.691  43.314  33.362  64.868  43.023  33.977  67.569  46.296  33.068
  67.637  46.116  34.141  66.200  45.787  32.639  65.504  46.016  33.445  65.776
  46.324  31.396  64.830  46.194  31.305  67.800  47.669  32.845  67.698  48.685
  34.071  68.045  50.020  33.556  68.429  48.092  35.222  66.145  48.627  34.426
  65.180  49.150  33.537  65.359  48.750  32.539  65.261  50.236  33.500  63.763
  48.758  33.960  63.062  49.188  33.245  63.581  47.347  33.904  62.675  46.967
  34.925  61.847  46.424  34.470  63.325  46.055  35.892  64.681  46.069  36.097
  65.285  46.757  35.524  65.257  45.244  37.006  66.328  45.283  37.137  64.465
  44.328  37.804  64.921  43.585  38.677  63.113  44.357  37.522  62.513  43.737
  38.047  62.503  45.182  36.595  61.286  45.158  36.425  63.353  49.204  35.370
  64.106  48.958  36.118  62.174  48.263  35.589  62.019  48.193  36.666  60.983
  48.619  34.895  60.236  48.216  35.343  63.045  50.570  35.528  63.160  51.227
  36.988  62.897  52.670  36.863  64.391  50.739  37.651  61.937  50.539  37.758
  60.611  50.799  37.346  60.483  50.482  36.311  60.408  51.870  37.386  59.596
  50.054  38.211  58.603  50.340  37.864  59.714  48.639  38.053  59.159  48.029
  39.210  58.244  47.497  38.946  60.099  47.030  39.742  61.437  46.905  39.489
  61.955  47.591  38.834  62.011  45.909  40.110  60.952  45.307  40.808  60.907
  44.156  41.674  61.826  43.402  42.021  59.636  43.900  42.171  59.524  43.123
  42.807  58.530  44.631  41.866  57.387  44.280  42.404  57.307  43.523  43.068
  56.567  44.834  42.201  58.537  45.698  41.074  59.776  45.988  40.576  59.667
  50.339  39.720  60.679  50.239  40.114  58.849  49.150  40.222  59.180  48.937
  41.239  57.447  49.375  40.161  57.015  48.763  40.761  59.177  51.594  40.158
  59.492  52.061  41.659  58.975  53.429  41.886  60.901  51.742  42.003  58.595
  51.069  42.535  58.941  50.738  43.866  58.776  51.608  44.502  59.989  50.440
  43.910  58.077  49.574  44.353  57.028  49.830  44.201  58.323  48.397  43.597
  58.258  47.261  44.448  57.556  46.542  44.026  59.598  46.616  44.526  60.705
  47.220  43.981  60.608  48.188  43.511  61.917  46.626  44.038  62.784  47.123
  43.629  61.980  45.355  44.658  63.140  44.764  44.746  63.151  43.863  45.202
  63.979  45.205  44.398  60.928  44.733  45.164  59.715  45.342  45.097  58.748
  44.744  45.558  58.277  49.218  45.833  59.323  49.166  46.132  57.769  47.780
  45.819  58.212  47.262  46.669  56.356  47.713  45.842  56.080  46.814  46.036
  57.618  50.086  46.737  58.413  50.631  48.007  57.485  51.313  48.923  59.595
  51.379  47.501  58.934  49.284  48.705  58.028  48.337  49.255  57.294  48.036
  48.508  57.492  48.775  50.097  58.772  47.082  49.719  58.052  46.407  50.183
  59.345  46.382  48.615  60.591  45.834  49.011  60.620  44.775  48.755  61.661
  46.490  48.242  61.613  47.704  47.611  60.726  48.320  47.626  62.722  48.039
  47.011  63.563  46.942  47.246  64.920  46.689  46.840  65.666  47.415  46.179
  65.415  45.461  47.259  66.365  45.220  47.014  64.683  44.573  47.986  65.278
  43.450  48.302  66.224  43.212  48.042  64.770  42.778  48.860  63.420  44.768
  48.382  62.912  45.977  47.983  59.900  47.355  50.727  60.551  48.168  50.405
  60.712  46.079  50.530  61.725  46.287  50.876  60.150  44.929  51.138  60.873
  44.337  51.358  59.481  47.653  52.054  60.299  48.718  52.933  59.482  49.072
  54.128  60.835  49.834  52.103  61.571  47.892  53.447  61.569  47.236  54.707
  61.215  47.940  55.460  62.584  46.931  54.964  60.664  46.004  54.708  59.656
  46.300  54.417  61.112  45.054  53.765  60.870  43.741  54.234  60.239  43.188
  53.538  62.188  43.079  54.265  63.362  43.523  53.713  63.459  44.496  53.255
  64.347  42.678  53.811  63.784  41.583  54.458  64.274  40.331  54.901  65.534
  39.928  54.783  65.828  39.013  55.094  66.147  40.575  54.308  63.455  39.465
  55.499  62.188  39.829  55.673  61.547  39.113  56.165  61.592  40.961  55.325
  62.459  41.810  54.715  60.577  45.299  56.058  61.552  45.222  56.541  60.180
  43.895  55.609  60.532  43.177  56.349  58.779  43.812  55.419  58.550  42.885
  55.319  59.676  45.941  56.955  60.260  46.404  58.366  59.148  46.962  59.161
  61.437  47.250  58.110  60.736  45.018  58.985  59.799  44.033  59.349  59.159
  43.787  58.503  59.194  44.467  60.145  60.491  42.744  59.812  59.744  42.075
  60.240  61.048  42.048  58.699  62.310  41.512  59.072  62.377  40.463  58.783
  63.354  42.217  58.312  63.234  43.410  57.662  62.310  43.968  57.696  64.307
  43.784  57.026  65.215  42.747  57.284  66.588  42.546  56.905  67.337  43.256
  56.261  67.166  41.380  57.365  68.129  41.224  57.103  66.487  40.475  58.104
  67.156  39.392  58.441  68.141  39.292  58.238  66.609  38.758  59.005  65.224
  40.614  58.504  64.633  41.773  58.062  61.590  42.951  60.867  62.219  43.815
  60.653  62.444  41.713  60.598  63.461  41.950  60.912  61.979  40.533  61.239
  62.744  39.958  61.317  61.133  43.081  62.206  61.853  44.131  63.181  61.353
  43.951  64.554  61.782  45.480  62.552  63.381  43.655  63.129  63.825  42.537
  63.880  63.293  41.638  63.572  63.632  42.703  64.940  65.323  42.305  63.686
  65.609  41.469  64.324  65.613  41.947  62.334  66.869  42.498  61.968  67.506
  41.729  61.532  66.658  43.521  60.927  65.516  44.222  60.652  64.597  44.064
  61.196  65.649  45.123  59.722  66.978  44.938  59.289  67.805  45.535  58.302
  67.387  46.501  57.503  67.990  46.925  56.813  66.429  46.812  57.579  69.083
  45.148  58.170  69.532  44.185  58.964  70.561  43.887  58.829  68.879  43.519
  59.912  67.595  43.959  60.023  66.233  43.485  64.055  65.878  44.428  63.638
  67.474  43.090  63.260  68.041  44.005  63.087  68.271  42.087  63.893  69.119
  42.100  63.444  66.486  43.682  65.439  66.698  45.184  65.968  66.978  45.176
  67.426  65.623  46.029  65.422  68.046  45.623  65.233  69.281  45.021  65.554
  69.207  43.942  65.420  69.530  45.226  66.595  70.393  45.546  64.648  71.319
  45.042  64.925  70.152  45.200  63.291  70.650  46.238  62.463  71.291  45.818
  61.688  69.526  46.893  61.778  68.189  46.771  62.044  67.818  46.129  62.830
  67.420  47.500  61.287  68.335  48.142  60.432  68.139  49.090  59.372  67.087
  49.577  58.974  69.316  49.486  58.764  69.216  50.145  58.005  70.549  49.035
  59.109  71.586  49.519  58.464  71.468  50.170  57.701  72.505  49.144  58.650
  70.785  48.177  60.108  69.629  47.760  60.719  70.643  47.063  64.716  69.734
  47.661  64.653  71.386  47.227  63.394  71.283  48.269  63.091  72.750  46.840
  63.448  73.142  47.227  62.662  71.354  47.479  65.870  71.248  48.995  66.366
  72.096  49.091  67.571  69.815  49.313  66.483  71.898  49.857  65.192  73.278
  49.765  64.916  73.546  48.726  64.721  73.837  50.109  65.785  73.660  50.601
  63.695  74.726  50.468  63.515  73.013  50.146  62.514  72.745  51.276  61.690
  73.133  51.103  60.687  71.287  51.488  61.547  70.389  50.918  62.422  70.743
  50.289  63.225  69.061  51.148  62.297  68.366  50.701  62.992  68.543  52.001
  61.250  67.372  52.310  61.104  69.500  52.495  60.398  69.163  53.102  59.665
  70.854  52.294  60.489  71.619  52.842  59.693  73.359  52.104  63.837  72.351
  52.319  64.191  73.412  52.491  62.376  72.866  53.427  62.251  74.730  52.636
  61.903  74.569  52.959  61.014  74.261  52.830  64.642  73.786  54.182  65.322
  74.963  54.585  66.123  72.552  53.937  66.080  73.503  55.215  64.136  74.556
  55.723  63.341  75.011  54.911  62.774  75.311  56.166  63.991  74.060  56.784
  62.355  74.913  57.126  61.769  73.133  56.221  61.436  72.194  57.217  61.054
  72.206  57.365  59.974  70.839  56.747  61.405  70.483  55.637  62.124  71.216
  54.994  62.590  69.196  55.448  62.217  68.656  56.506  61.475  67.344  56.943
  61.158  66.236  56.342  61.566  65.330  56.761  61.412  66.327  55.512  62.134
  67.159  58.035  60.413  68.234  58.679  59.976  68.059  59.563  59.381  69.513
  58.402  60.198  69.656  57.289  60.963  73.408  58.022  62.986  72.708  57.778
  63.785  72.601  58.513  61.787  71.749  59.067  62.181  73.376  59.306  60.892
  72.757  59.756  60.312  74.306  58.995  63.493  73.897  59.856  64.772  74.856
  60.970  64.948  73.697  58.955  65.929  72.450  60.428  64.405  72.284  61.538
  63.544  72.814  61.366  62.608  72.697  62.421  64.033  70.812  61.795  63.215
  70.749  62.634  62.522  70.244  60.685  62.539  68.895  60.529  62.937  68.255
  60.425  62.060  68.759  59.292  63.719  69.746  58.505  64.244  70.791  58.722
  64.081  69.314  57.525  64.988  67.911  57.617  64.856  66.834  56.830  65.402
  66.901  55.847  66.141  65.575  57.297  65.044  64.788  56.791  65.424  65.362
  58.396  64.262  64.136  58.763  63.986  63.373  58.242  64.394  63.967  59.568
  63.399  66.328  59.158  63.759  67.576  58.708  64.082  69.910  62.085  64.421
  70.056  61.369  65.230  68.558  61.765  63.792  67.859  61.564  64.604  68.080
  62.777  62.922  67.139  62.628  62.805  70.033  63.373  64.987  69.680  63.580
  66.531  70.007  64.979  66.849  70.298  62.504  67.339  68.108  63.346  66.625
  67.209  64.169  65.897  67.489  64.190  64.843  67.245  65.190  66.274  65.780
  63.632  65.986  65.139  64.223  65.331  65.730  62.297  65.505  64.777  61.568
  66.260  64.058  61.081  65.602  65.478  60.507  66.998  66.815  60.214  67.002
  67.529  60.793  66.436  67.146  59.215  67.772  65.901  58.762  68.257  65.540
  57.681  69.138  66.267  56.856  69.693  64.179  57.609  69.391  63.855  56.883
  70.014  63.255  58.450  68.848  61.991  58.289  69.151  61.718  57.575  69.811
  61.303  58.926  68.776  63.545  59.457  68.035  64.881  59.556  67.777  65.167
  63.641  67.392  65.852  63.267  68.153  64.096  62.577  67.207  63.864  62.175
  68.193  62.936  63.056  66.548  62.231  62.430  66.727  64.675  64.895  67.821
  64.678  65.224  69.382  64.122  66.600  69.450  66.035  64.872  69.862  63.656
  64.153  69.975  62.276  64.201  69.689  62.117  64.042  68.623  61.877  65.177
  69.968  61.535  63.109  70.459  60.472  63.183  70.230  61.947  61.816  70.032
  61.961  60.956  71.164  61.393  60.050  70.953  63.354  60.543  71.421  64.504
  61.084  70.908  64.483  61.970  70.290  65.597  60.427  71.201  65.119  59.385
  72.024  65.801  58.317  72.716  67.003  58.071  72.762  64.965  57.461  73.423
  65.405  56.700  73.921  63.611  57.606  73.456  62.918  56.737  74.165  63.356
  55.959  74.637  61.916  56.858  74.126  62.939  58.578  72.841  63.746  59.440
  72.143  61.695  63.184  71.986  62.722  63.361  72.304  61.347  61.743  72.341
  61.802  61.519  73.305  59.945  61.498  72.353  59.795  60.644  72.765  60.871
  64.145  72.616  61.428  64.926  73.889  60.296  65.728  74.372  62.608  65.692
  73.451  61.856  63.775  74.920  60.923  63.122  75.759  60.130  62.675  75.160
  60.489  63.853  76.440  61.603  62.012  76.572  60.837  61.504  77.159  62.187
  61.028  75.715  63.407  60.585  76.290  63.427  59.496  76.315  64.532  61.026
  75.440  64.554  62.009  74.483  63.688  62.614  74.256  65.700  62.135  73.869
  66.499  61.165  74.480  67.843  60.750  74.323  68.681  61.297  73.446  69.651
  61.015  73.453  68.317  62.099  72.952  68.348  59.778  75.090  67.523  59.197
  75.959  67.936  58.399  76.557  66.241  59.447  76.197  65.790  60.474  75.425
  62.694  62.485  77.548  63.377  63.206  77.097  63.468  61.180  77.713  64.474
  61.447  78.036  62.867  60.238  78.605  63.528  59.578  78.823  62.229  63.023
  78.775  62.989  64.283  79.416  62.375  64.711  80.693  63.238  65.308  78.388
  64.420  63.686  79.788  64.585  62.781  80.860  63.883  61.955  80.750  64.386
  63.297  81.799  66.005  62.212  80.880  66.078  61.494  81.698  66.279  61.493
  79.682  67.623  61.743  79.307  68.134  60.804  79.093  67.649  62.543  78.071
  66.661  63.305  77.502  65.673  63.392  77.929  67.033  63.929  76.416  68.355
  63.509  76.238  69.364  63.769  75.278  69.192  64.572  74.235  69.948  64.741
  73.586  68.280  64.994  74.132  70.569  63.195  75.383  70.778  62.402  76.432
  71.758  61.955  76.516  69.942  62.068  77.402  68.731  62.659  77.240  67.117
  63.257  81.067  66.982  64.133  80.433  68.293  62.490  80.478  69.039  63.220
  80.162  68.852  61.510  81.334  69.725  61.292  81.000  67.255  63.697  82.403
  67.634  65.221  82.731  67.188  65.499  84.102  67.145  66.091  81.629  69.233
  65.210  82.685  69.992  64.238  83.388  69.507  63.264  83.331  70.097  64.516
  84.437  71.371  64.109  82.738  71.956  63.373  83.289  71.248  63.606  81.413
  72.213  64.221  80.579  72.820  63.437  80.126  71.540  64.960  79.473  70.224
  65.337  79.554  69.662  65.131  80.453  69.613  65.956  78.519  68.573  66.227
  78.621  70.397  66.207  77.364  69.873  66.862  76.358  70.458  66.944  75.538
  68.881  67.050  76.359  71.667  65.869  77.264  72.259  65.208  78.299  73.432
  64.850  78.204  72.158  65.431  82.671  71.545  66.287  82.390  73.079  65.131
  81.488  73.342  66.083  81.026  74.253  64.424  81.858  74.850  64.403  81.106
  72.819  65.816  83.868  73.219  66.673  83.704  51.540  52.095  30.293  50.866
  52.537  30.814  50.618  51.840  32.040  51.503  51.899  32.674  50.404  50.791
  31.833  49.430  52.447  32.810  49.670  53.489  33.021  48.260  52.456  31.988
  47.137  52.120  32.779  46.355  52.860  32.610  46.609  50.809  32.339  45.365
  50.554  31.824  44.623  51.325  31.678  45.146  49.301  31.546  46.363  48.669
  31.863  46.812  47.295  31.794  46.193  46.296  31.448  48.128  47.077  32.202
  48.479  46.131  32.173  48.933  48.074  32.628  50.175  47.805  32.978  50.537
  46.864  33.023  50.701  48.579  33.357  48.565  49.337  32.636  47.270  49.597
  32.302  49.066  51.789  34.166  49.170  50.705  34.214  47.581  52.156  34.251
  47.086  51.410  34.873  47.332  53.485  34.701  46.453  53.536  35.084  49.841
  52.147  35.266  49.633  51.383  36.666  50.942  50.838  37.074  48.447  50.495
  36.601  49.250  52.619  37.575  49.949  53.842  37.462  50.002  54.149  36.417
  50.962  53.727  37.848  49.216  54.950  38.209  49.802  55.864  38.115  47.955
  55.227  37.608  47.006  55.485  38.628  46.507  56.429  38.412  45.964  54.420
  38.631  46.124  53.247  37.936  47.042  53.064  37.397  45.151  52.309  37.924
  45.321  51.383  37.395  43.966  52.597  38.639  42.996  51.721  38.635  42.200
  51.925  39.223  43.139  50.816  38.210  43.770  53.739  39.273  44.756  54.676
  39.278  44.571  55.733  39.879  48.995  54.664  39.701  48.659  53.646  39.898
  47.797  55.577  39.955  47.245  55.184  40.809  48.132  56.943  40.169  47.369
  57.367  40.568  50.140  54.904  40.500  50.428  53.983  41.780  51.778  54.306
  42.293  50.147  52.567  41.459  49.302  54.499  42.794  49.340  55.808  43.327
  49.271  56.533  42.515  50.280  55.959  43.858  48.178  56.052  44.292  48.286
  57.048  44.721  46.930  56.060  43.605  45.956  55.409  44.407  45.087  56.062
  44.498  45.497  54.148  43.765  46.093  53.666  42.632  47.002  54.137  42.286
  45.604  52.576  41.998  46.109  52.203  41.119  44.492  51.929  42.596  44.021
  50.835  42.059  43.217  50.417  42.504  44.443  50.452  41.225  43.900  52.374
  43.696  44.379  53.499  44.287  43.816  53.917  45.302  48.095  55.052  45.454
  48.272  54.022  45.145  46.611  55.171  45.785  46.327  54.223  46.242  46.272
  56.277  46.623  45.399  56.107  46.983  48.940  55.329  46.556  49.631  54.098
  47.323  50.313  54.615  48.529  50.381  53.288  46.347  48.358  53.231  47.776
  47.465  53.694  48.764  47.085  54.674  48.476  47.990  53.786  49.715  46.278
  52.738  48.925  45.637  53.132  49.713  45.471  52.682  47.750  45.025  51.353
  47.543  43.951  51.363  47.358  45.644  50.786  46.331  46.786  51.193  45.693
  47.389  52.014  46.054  47.072  50.500  44.626  46.029  49.574  44.534  45.777
  48.530  43.573  46.455  48.203  42.589  44.615  47.813  43.830  44.375  47.067
  43.192  43.792  48.075  44.884  42.727  47.317  44.998  42.494  46.591  44.336
  42.092  47.483  45.766  43.995  49.027  45.806  45.138  49.750  45.572  46.655
  51.299  49.301  47.492  50.920  48.715  45.392  50.585  48.826  45.683  49.550
  48.648  44.248  50.705  49.681  43.799  49.864  49.572  46.960  51.085  50.662
  47.931  49.869  51.072  48.285  49.987  52.495  49.041  49.660  50.119  46.999
  48.574  50.906  46.510  47.875  52.034  47.291  47.844  52.793  46.260  46.855
  51.742  45.274  48.560  52.618  45.550  49.579  52.890  44.222  48.639  51.662
  42.976  48.448  52.298  42.306  49.278  52.075  42.376  47.236  51.713  42.836
  46.491  50.658  43.785  46.681  50.180  42.037  45.522  50.311  40.952  45.656
  51.177  39.732  44.960  51.366  39.363  43.905  50.652  38.528  43.384  50.876
  40.015  43.580  49.953  38.868  45.358  52.304  39.205  46.408  53.044  38.498
  46.707  53.803  40.281  47.179  52.961  41.139  46.723  52.012  44.711  47.880
  53.870  44.671  46.793  53.798  43.261  48.364  53.812  42.658  47.618  54.328
  43.033  49.677  54.319  42.111  49.729  54.583  45.409  48.195  55.056  46.171
  47.033  55.852  46.793  47.608  57.056  47.027  46.237  54.933  44.951  46.091
  56.268  43.971  46.493  57.208  43.625  47.498  56.965  44.402  46.494  58.209
  42.757  45.559  57.182  42.065  45.866  57.966  42.047  45.665  55.951  41.518
  44.385  55.630  40.440  44.469  55.486  42.097  43.904  54.354  43.318  44.353
  53.913  43.863  45.055  54.527  43.842  43.909  52.745  44.808  44.269  52.423
  43.139  42.932  51.935  43.558  42.429  50.900  41.913  42.541  52.427  41.379
  41.877  51.885  41.351  42.991  53.604  40.242  42.592  53.947  43.085  44.077
  57.405  43.915  43.726  56.793  41.832  43.444  56.812  42.114  42.437  56.506
  40.700  43.439  57.679  40.051  42.818  57.341  43.368  43.719  58.741  44.577
  42.703  59.025  44.653  42.426  60.469  45.780  43.148  58.282  44.063  41.381
  58.282  42.868  40.740  58.681  42.065  41.475  58.729  42.984  40.298  59.671
  42.470  39.658  57.674  41.530  39.215  58.004  42.226  40.205  56.384  42.579
  39.255  55.397  41.717  39.081  54.753  43.651  39.805  54.548  44.554  40.793
  54.851  44.558  41.283  55.814  45.379  41.084  53.879  44.999  40.193  52.864
  45.536  39.983  51.549  46.490  40.550  51.019  44.868  39.015  50.810  45.191
  38.863  49.865  43.785  38.334  51.280  43.205  37.470  50.470  43.560  37.298
  49.540  42.403  36.986  50.848  43.260  38.490  52.496  43.918  39.432  53.250
  43.488  38.527  57.491  44.506  38.886  57.344  43.017  37.978  56.146  43.873
  37.474  55.697  41.886  37.119  56.234  41.810  36.634  55.409  43.510  37.581
  58.537  44.923  37.020  59.043  44.659  36.026  60.104  45.871  38.149  59.258
  45.440  36.222  57.752  44.830  35.010  57.359  43.756  35.166  57.257  45.000
  34.247  58.119  45.370  34.518  56.016  44.832  33.608  55.751  45.100  35.466
  54.990  46.112  35.366  54.003  45.660  35.159  53.033  46.820  36.648  53.888
  46.830  37.688  54.776  46.277  37.655  55.703  47.564  38.697  54.399  48.069
  38.299  53.155  48.933  38.973  52.222  49.427  40.103  52.311  49.195  38.220
  51.081  49.820  38.619  50.395  48.666  36.982  50.850  48.982  36.360  49.739
  49.603  36.832  49.098  48.592  35.446  49.557  47.849  36.338  51.681  47.595
  37.048  52.825  46.870  34.196  55.962  47.496  34.984  56.382  47.053  34.233
  54.446  48.107  34.444  54.264  46.603  33.065  53.767  47.061  33.018  52.924
  47.253  32.981  56.581  48.772  32.805  57.051  48.878  31.449  57.605  49.099
  33.947  57.920  49.635  32.930  55.710  49.541  31.959  54.688  48.496  31.801
  54.421  49.939  31.011  55.050  50.305  32.396  53.432  50.120  31.659  52.649
  49.829  33.636  52.917  50.920  34.358  52.363  50.682  34.612  51.330  51.140
  35.638  53.073  50.661  35.846  54.345  50.119  35.058  54.848  50.870  37.024
  54.979  50.490  37.164  55.980  51.603  38.101  54.344  51.872  39.177  54.861
  52.017  37.830  53.056  52.551  38.541  52.577  51.828  36.641  52.384  52.261
  36.483  51.238  51.824  32.524  53.618  52.101  33.069  54.521  52.142  33.420
  52.426  53.091  33.911  52.638  52.184  32.745  51.180  52.681  33.291  50.565
  52.523  31.297  53.644  53.962  31.206  54.353  54.389  29.794  54.365  53.986
  31.951  55.640  54.896  32.025  53.345  55.137  31.558  52.032  54.200  31.477
  51.481  55.590  30.567  52.068  56.061  32.518  51.281  56.234  32.111  50.285
  55.448  33.788  51.085  56.440  34.802  51.161  56.441  35.410  50.256  56.107
  35.702  52.288  55.102  35.578  53.209  54.499  34.685  53.284  54.998  36.579
  54.040  56.033  37.433  53.646  56.552  38.666  54.118  56.066  39.340  55.153
  56.537  40.154  55.520  55.276  38.939  55.639  57.600  39.235  53.519  58.120
  38.605  52.470  58.941  39.081  51.955  57.761  37.452  51.932  56.701  36.906
  52.575  57.426  32.736  51.955  57.357  32.897  53.031  57.791  34.073  51.333
  58.452  34.594  52.026  58.393  33.862  50.064  58.709  34.726  49.789  58.396
  31.717  51.709  59.363  31.288  52.920  60.393  30.356  52.409  58.561  30.886
  54.091  60.114  32.640  53.304  61.009  33.267  52.405  60.535  33.366  51.428
  61.912  32.666  52.297  61.390  34.664  52.895  62.074  35.110  52.173  60.266
  35.523  52.927  60.353  36.388  54.039  60.216  37.421  53.719  59.260  36.071
  54.975  58.442  34.973  54.982  58.544  34.182  54.253  57.562  34.959  55.945
  57.788  36.182  56.596  57.154  36.776  57.738  56.255  36.302  58.429  57.680
  38.012  58.081  57.289  38.444  58.906  58.707  38.613  57.421  59.124  39.785
  57.837  58.724  40.179  58.676  59.881  40.246  57.352  59.336  38.081  56.375
  58.825  36.868  56.005  62.057  34.695  54.276  61.574  34.071  55.028  61.742
  36.137  54.649  61.736  36.192  55.737  62.650  37.028  54.033  62.587  37.878
  54.473  63.425  34.326  54.227  64.095  33.528  55.439  65.511  33.254  55.154
  63.241  32.362  55.805  64.031  34.615  56.604  64.635  35.895  56.468  64.404
  36.322  55.492  65.717  35.782  56.535  64.142  36.878  57.544  64.621  37.844
  57.383  62.755  37.143  57.428  62.147  37.210  58.698  61.594  38.146  58.767
  61.153  36.120  58.864  61.205  34.968  58.115  61.997  34.835  57.392  60.272
  33.998  58.263  60.338  33.101  57.664  59.179  34.135  59.202  58.304  33.282
  59.352  59.186  35.322  59.912  58.459  35.456  60.601  60.123  36.332  59.784
  60.055  37.362  60.455  64.411  36.429  58.986  64.240  35.362  59.128  63.297
  37.165  59.723  63.059  36.589  60.617  63.629  38.500  60.054  62.952  38.798
  60.666  65.725  36.722  59.436  66.275  36.044  60.779  67.748  36.168  60.697
  65.715  34.690  60.949  65.714  36.942  61.971  66.249  38.217  62.257  65.978
  38.920  61.470  67.335  38.148  62.323  65.716  38.747  63.586  66.239  39.681
  63.792  64.328  39.051  63.496  63.709  38.728  64.734  63.102  39.564  65.080
  62.784  37.604  64.517  62.714  36.776  63.430  63.398  36.864  62.599  61.768
  35.888  63.497  61.155  36.153  64.730  60.057  35.518  65.403  59.399  34.545
  65.049  59.742  36.107  66.615  58.975  35.679  67.114  60.387  37.185  67.137
  59.985  37.653  68.302  59.220  37.204  68.785  60.482  38.442  68.690  61.431
  37.787  66.561  61.762  37.223  65.354  65.929  37.827  64.799  65.675  36.786
  64.595  64.843  38.366  65.721  64.577  37.561  66.406  65.234  39.539  66.428
  64.574  39.666  67.114  67.232  37.858  65.358  67.851  36.490  65.921  69.164
  36.879  66.471  67.738  35.422  64.888  66.862  36.142  67.120  66.810  36.902
  68.312  66.552  37.933  68.071  67.784  36.876  68.800  65.753  36.364  69.284
  65.782  36.965  70.194  64.440  36.516  68.752  63.656  35.407  69.183  62.751
  35.768  69.671  63.230  34.603  68.015  63.985  34.564  66.865  64.901  35.133
  66.814  63.590  33.827  65.799  64.187  33.816  64.899  62.366  33.055  65.835
  61.962  32.345  64.923  61.657  33.170  67.009  60.797  32.644  67.075  62.024
  33.907  68.111  61.317  33.930  69.117  65.929  34.893  69.694  66.124  34.237
  68.845  64.515  34.603  70.180  64.360  33.524  70.158  64.236  35.119  71.468
  63.493  34.628  71.827  66.941  34.648  70.643  67.595  33.187  70.734  68.666
  33.225  71.743  67.885  32.698  69.359  66.390  32.289  71.282  65.946  32.428
  72.621  65.680  33.467  72.815  66.743  32.148  73.310  64.716  31.563  72.887
  64.410  31.711  73.923  63.628  31.976  72.065  62.844  30.839  71.739  61.805
  31.007  72.024  62.874  30.656  70.280  63.758  31.187  69.383  64.593  31.799
  69.692  63.570  30.814  68.150  62.421  30.004  68.233  61.693  29.266  67.232
  61.885  29.210  66.017  60.657  28.502  67.753  60.119  27.952  67.099  60.338
  28.457  69.079  59.345  27.693  69.466  58.838  27.146  68.786  59.091  27.674
  70.444  60.987  29.120  70.033  62.012  29.882  69.545  64.913  30.058  72.663
  65.430  29.837  71.729  63.455  29.642  72.492  63.440  28.707  71.933  62.750
  29.522  73.717  61.973  28.983  73.551  65.588  29.373  73.694  66.327  27.997
  73.353  67.008  27.546  74.581  67.057  28.159  72.071  65.101  27.025  73.033
  64.232  26.590  74.057  63.722  27.446  74.499  64.802  26.089  74.839  63.180
  25.632  73.499  62.546  25.305  74.323  62.329  26.291  72.563  61.967  25.365
  71.550  60.883  25.330  71.444  62.513  25.833  70.264  63.496  26.763  70.054
  64.009  27.228  70.882  63.758  27.014  68.798  62.869  26.150  68.119  62.651
  25.900  66.714  63.209  26.397  65.735  61.667  24.955  66.462  61.472  24.750
  65.493  60.950  24.326  67.435  60.048  23.441  67.079  59.911  23.234  66.100
  59.523  22.988  67.813  61.131  24.509  68.739  62.098  25.438  69.017  63.754
  24.378  72.816  64.567  24.605  72.126  62.548  23.997  71.963  62.933  23.419
  71.123  61.543  23.296  72.685  60.962  22.871  72.049  64.213  23.356  73.688
  65.418  22.398  73.223  65.728  21.380  74.251  66.523  23.133  72.573  64.788
  21.562  72.020  63.684  20.711  72.252  62.922  21.240  72.825  64.001  19.847
  72.836  63.049  20.246  70.942  62.170  19.648  71.183  62.584  21.354  70.188
  62.637  21.043  68.808  61.647  21.155  68.366  63.527  21.991  68.122  64.387
  22.898  68.676  64.499  23.005  69.745  65.063  23.589  67.803  64.579  23.134
  66.565  64.894  23.503  65.204  65.690  24.338  64.772  64.172  22.789  64.258
  64.346  23.006  63.287  63.238  21.846  64.573  62.630  21.216  63.597  62.843
  21.446  62.638  61.919  20.537  63.830  62.925  21.471  65.809  63.626  22.157
  66.762  63.959  19.437  70.008  64.922  19.919  69.844  63.162  19.600  68.717
  63.850  19.435  67.887  62.020  18.762  68.649  61.760  18.716  67.726  64.219
  18.097  70.407  65.522  17.359  69.853  65.539  15.991  70.429  66.666  18.281
  70.099  65.259  17.238  68.285  64.156  16.495  67.781  63.222  16.877  68.192
  64.230  15.449  68.078  64.083  16.592  66.256  63.207  16.041  65.913  63.905
  17.936  65.837  64.545  18.106  64.581  63.819  18.439  63.840  65.543  19.181
  64.708  66.118  19.672  65.848  65.895  19.260  66.821  66.948  20.657  65.649
  66.898  20.853  64.256  67.558  21.794  63.385  68.346  22.702  63.651  67.219
  21.634  62.050  67.649  22.283  61.406  66.321  20.718  61.593  66.087  20.643
  60.304  66.542  21.296  59.683  65.402  19.975  59.981  65.701  19.825  62.355
  66.026  19.950  63.680  65.318  16.044  65.528  66.252  16.395  65.968  65.167
  16.748  64.186  66.169  16.827  63.764  64.264  16.111  63.291  64.454  16.444
  62.411  65.365  14.633  65.483  66.770  13.865  65.401  66.519  12.481  65.845
  67.811  14.657  66.094  67.123  13.896  63.843  66.319  13.248  62.880  65.270
  13.475  63.069  66.468  12.170  62.949  66.665  13.730  61.465  66.022  13.199
  60.763  66.364  15.117  61.310  67.313  15.707  60.434  66.777  16.173  59.607
  68.040  16.792  61.146  68.281  16.711  62.495  67.938  15.850  63.049  68.918
  17.709  63.150  69.087  17.631  64.213  69.397  18.878  62.451  70.022  19.791
  62.955  69.125  18.902  61.101  69.447  19.715  60.595  68.447  17.914  60.413
  68.261  18.021  59.202  68.130  13.517  61.029  68.855  13.787  61.797  68.221
  14.565  59.915  69.270  14.842  59.807  67.694  14.119  58.671  67.939  14.731
  57.973  68.474  12.206  60.613  69.422  12.185  60.463  65.503  50.146  74.237
  64.706  49.761  74.608  64.125  48.884  73.647  64.780  48.035  73.451  63.999
  49.395  72.692  62.786  48.337  74.162  62.338  47.688  73.409  63.022  47.527
  75.295  61.839  47.488  76.062  61.336  46.537  75.886  62.191  47.496  77.491
  63.269  48.066  78.118  63.982  48.688  77.597  63.359  47.771  79.386  62.251
  46.940  79.617  61.778  46.265  80.800  62.262  46.251  81.928  60.627  45.509
  80.599  60.249  45.033  81.405  60.006  45.401  79.388  58.936  44.642  79.303
  58.543  44.175  80.108  58.471  44.601  78.408  60.422  45.991  78.267  61.544
  46.757  78.450  61.743  49.394  74.569  62.158  50.265  75.076  60.901  48.611
  75.580  60.590  49.312  76.355  59.778  47.946  75.003  59.178  47.701  75.711
  60.910  49.905  73.568  61.151  49.742  72.006  60.953  48.329  71.566  62.387
  50.442  71.632  59.996  50.658  71.452  58.805  50.936  72.175  58.913  50.799
  73.251  58.003  50.286  71.824  58.435  52.403  71.976  57.404  52.539  72.304
  59.223  53.271  72.786  59.558  54.426  72.029  59.305  55.315  72.607  61.027
  54.453  71.780  61.834  53.394  72.099  61.397  52.491  72.498  63.170  53.454
  71.897  63.766  52.581  72.116  63.695  54.651  71.371  64.985  54.740  71.180
  65.348  55.587  70.766  65.570  53.931  71.332  62.945  55.701  71.097  61.603
  55.630  71.311  60.907  56.616  71.088  58.557  52.869  70.522  59.484  52.549
  70.046  58.709  54.368  70.734  59.216  54.765  69.854  57.499  55.075  70.977
  57.690  55.997  70.789  57.499  52.443  69.699  57.826  51.936  68.214  56.573
  51.389  67.677  59.041  51.068  68.243  58.215  53.330  67.529  57.264  54.373
  67.387  56.930  54.694  68.374  56.400  54.025  66.822  57.869  55.581  66.672
  57.087  56.325  66.520  58.867  56.206  67.475  59.915  56.657  66.629  60.085
  57.718  66.815  61.178  55.931  66.935  61.206  54.885  67.822  60.279  54.525
  68.242  62.372  54.278  68.143  62.362  53.448  68.834  63.546  54.774  67.517
  64.693  54.203  67.776  65.499  54.600  67.313  64.740  53.418  68.410  63.552
  55.799  66.679  62.370  56.400  66.380  62.382  57.366  65.615  58.476  55.263
  65.299  59.084  54.359  65.299  59.439  56.439  65.175  60.230  56.110  64.501
  58.843  57.657  64.734  59.536  58.241  64.418  57.548  55.159  64.237  57.789
  54.052  63.098  56.787  54.195  62.021  58.030  52.738  63.730  59.202  54.521
  62.506  59.343  55.745  61.822  58.965  56.553  62.449  58.764  55.718  60.899
  60.817  56.020  61.502  60.880  56.967  60.966  61.592  56.191  62.688  62.860
  55.586  62.520  63.631  56.300  62.811  62.984  54.431  63.427  61.980  53.724
  64.040  60.936  53.954  63.885  62.400  52.766  64.822  63.790  52.846  64.712
  64.814  52.054  65.333  64.664  51.108  66.114  66.105  52.447  65.002  66.873
  51.929  65.404  66.373  53.493  64.169  67.642  53.761  63.962  68.401  53.238
  64.375  67.861  54.522  63.335  65.449  54.261  63.573  64.165  53.880  63.882
  61.498  54.939  60.646  61.267  53.931  60.991  62.955  55.204  61.029  63.504
  54.282  60.837  63.545  56.331  60.394  64.483  56.150  60.300  61.203  54.986
  59.254  61.187  53.617  58.399  60.718  53.867  57.009  60.503  52.518  59.117
  62.736  53.208  58.323  63.488  53.387  57.136  62.891  53.035  56.295  64.399
  52.792  57.191  63.848  54.859  56.914  62.934  55.452  56.946  64.699  55.325
  57.949  65.609  56.280  57.442  65.499  57.226  57.973  66.961  55.755  57.739
  67.297  54.676  58.518  66.562  54.010  58.945  68.582  54.514  58.669  69.141
  55.578  57.968  70.465  56.010  57.711  71.548  55.383  58.151  72.479  55.688
  57.905  71.414  54.531  58.676  70.682  57.103  56.973  69.616  57.764  56.530
  69.810  58.647  55.939  68.330  57.484  56.686  68.156  56.355  57.421  64.556
  55.144  55.584  65.311  54.392  55.354  65.291  56.438  55.932  66.191  56.478
  55.319  64.491  57.603  55.710  65.064  58.357  55.868  63.702  55.270  54.454
  63.927  54.294  53.208  62.960  54.661  52.154  63.945  52.898  53.683  65.401
  54.695  52.743  65.697  55.964  52.191  65.265  56.742  52.821  65.270  56.031
  51.190  67.207  56.211  52.109  67.375  57.153  51.588  67.779  56.376  53.403
  69.059  55.761  53.417  69.795  56.477  53.784  69.074  54.608  54.349  67.913
  54.008  54.760  66.978  54.366  54.355  67.942  52.974  55.637  67.022  52.499
  55.945  69.197  52.465  56.151  69.345  51.525  56.912  70.320  53.118  55.705
  71.208  52.788  56.055  70.309  54.186  54.837  71.357  54.741  54.530  67.994
  55.120  51.368  67.697  54.110  51.651  69.377  55.351  51.965  69.919  54.409
  51.884  70.075  56.427  51.350  71.002  56.385  51.595  67.943  55.200  49.956
  67.916  53.841  49.113  68.045  54.120  47.672  66.809  52.978  49.571  69.265
  53.127  49.581  70.518  53.656  49.216  70.596  54.687  49.561  70.591  53.635
  48.129  71.658  52.854  49.846  72.609  53.301  49.556  71.592  52.925  51.257
  72.091  51.723  51.817  72.892  51.932  52.525  71.011  51.112  52.602  69.661
  51.289  52.460  69.248  51.949  51.711  68.939  50.587  53.289  69.902  49.915
  54.066  69.774  48.978  55.152  68.754  48.529  55.663  70.982  48.527  55.657
  70.950  47.873  56.425  72.192  48.930  55.187  73.240  48.437  55.795  73.202
  47.781  56.562  74.165  48.733  55.518  72.360  49.808  54.185  71.175  50.253
  53.662  71.693  51.366  49.491  70.723  50.880  49.592  72.552  50.845  50.634
  72.304  49.791  50.763  73.949  51.028  50.429  74.363  50.430  51.057  72.205
  51.077  48.209  71.431  49.995  47.317  72.206  49.961  46.063  69.978  50.310
  47.314  71.694  48.657  48.158  72.980  48.072  48.212  73.696  48.824  48.543
  73.273  47.721  47.222  73.042  46.905  49.196  74.073  46.552  49.228  72.726
  47.347  50.509  72.229  46.237  51.245  72.863  46.034  52.108  70.889  46.546
  51.767  70.039  47.542  51.369  70.307  48.228  50.578  68.901  47.576  52.010
  69.035  46.521  52.927  68.126  46.031  53.917  66.989  46.446  54.150  68.635
  44.969  54.645  68.029  44.569  55.347  69.863  44.415  54.450  70.199  43.374
  55.184  69.566  43.062  55.907  71.133  43.018  55.041  70.722  44.828  53.519
  70.254  45.894  52.797  72.157  45.688  48.891  71.118  45.939  48.675  72.209
  45.047  50.271  71.328  44.414  50.376  73.422  44.341  50.481  73.227  43.693
  51.163  72.638  44.841  47.860  71.594  43.875  47.120  72.415  43.103  46.157
  70.461  44.695  46.650  71.079  42.932  48.299  71.919  41.955  48.888  72.839
  42.417  49.248  72.188  41.212  48.138  71.245  41.256  50.074  71.967  40.575
  50.523  70.870  42.179  51.091  69.686  41.706  51.717  69.864  41.620  52.789
  68.585  42.677  51.534  68.648  43.664  50.574  69.510  43.721  49.926  67.633
  44.545  50.410  67.699  45.303  49.644  66.443  44.469  51.228  65.468  45.205
  51.122  66.476  43.481  52.184  65.653  43.380  52.761  67.485  42.566  52.386
  67.393  41.695  53.261  69.990  40.452  49.711  69.291  41.026  49.103  69.361
  40.328  51.096  68.299  40.140  50.940  69.923  39.334  51.948  69.289  39.152
  52.645  70.237  39.227  49.044  69.136  38.626  48.050  69.733  37.441  47.373
  68.588  39.733  47.243  68.005  38.167  49.089  68.268  37.177  50.059  69.099
  37.492  50.690  68.547  36.246  49.566  67.041  36.948  50.942  67.272  36.144
  51.642  66.726  38.090  51.737  65.313  38.153  51.896  65.041  38.154  52.951
  64.815  39.414  51.311  65.510  40.367  50.615  66.547  40.238  50.341  64.808
  41.420  50.290  63.540  41.129  50.802  62.284  41.783  50.797  62.058  42.957
  50.229  61.121  43.326  50.149  62.834  43.398  49.754  61.228  41.244  51.407
  61.405  40.071  52.008  60.564  39.647  52.536  62.501  39.336  52.080  63.546
  39.921  51.443  65.783  36.540  50.163  65.589  37.155  49.284  64.731  36.909
  51.197  63.796  37.105  50.671  64.600  35.890  52.163  63.819  36.074  52.689
  65.769  35.182  49.757  65.142  34.806  48.337  65.124  33.340  48.195  65.757
  35.597  47.255  63.636  35.330  48.419  62.713  34.768  49.326  63.160  34.718
  50.319  62.459  33.759  49.001  61.443  35.617  49.411  60.746  35.133  50.095
  61.691  36.893  49.976  60.905  37.869  49.323  60.395  38.492  50.058  61.785
  38.748  48.537  63.101  38.557  48.217  63.654  37.688  48.540  63.608  39.500
  47.477  62.561  40.414  47.335  62.475  41.664  46.632  63.325  42.230  45.947
  61.232  42.269  46.728  61.108  43.145  46.242  60.187  41.744  47.421  59.064
  42.417  47.445  58.956  43.276  46.924  58.279  42.031  47.949  60.219  40.577
  48.057  61.437  39.960  47.987  60.736  35.833  48.068  61.407  36.125  47.261
  59.941  37.076  48.425  59.690  37.591  47.498  58.818  36.719  49.199  58.206
  37.459  49.176  59.975  34.717  47.631  59.858  34.440  46.063  59.060  33.209
  45.857  61.212  34.530  45.456  59.020  35.689  45.519  57.737  36.018  46.039
  57.770  36.055  47.128  57.010  35.258  45.753  57.266  37.392  45.543  56.306
  37.623  46.006  58.171  38.410  45.937  58.219  39.421  44.952  57.922  40.371
  45.398  59.611  39.578  44.478  60.542  38.576  44.614  60.251  37.652  45.091
  61.815  38.747  44.175  62.532  37.950  44.312  62.241  39.989  43.553  63.344
  40.213  43.055  61.251  40.941  43.463  61.501  41.822  43.038  59.954  40.801
  43.912  59.144  41.709  43.769  57.126  37.508  44.025  57.972  37.056  43.506
  57.243  39.013  43.834  57.607  39.180  42.820  56.044  39.714  44.053  56.119
  40.593  43.674  55.958  36.928  43.498  55.873  36.594  41.942  54.757  35.648
  41.810  57.240  36.186  41.512  55.535  38.025  41.326  54.247  38.593  41.499
  54.099  38.877  42.541  53.471  37.876  41.230  54.077  39.832  40.630  53.032
  40.131  40.714  54.908  40.893  41.111  55.287  41.693  40.001  54.983  42.727
  40.166  56.754  41.680  39.895  57.625  40.831  40.518  57.252  40.049  41.163
  58.888  41.030  40.240  58.828  42.144  39.369  59.857  42.885  38.688  61.074
  42.707  38.714  59.375  43.931  37.917  60.056  44.463  37.395  58.062  44.254
  37.793  57.744  45.278  37.028  58.453  45.795  36.528  56.759  45.487  36.952
  57.079  43.593  38.395  57.524  42.552  39.169  54.337  39.640  39.128  55.251
  39.086  38.915  54.606  41.097  38.747  55.241  41.088  37.861  53.418  41.837
  38.529  53.611  42.642  38.043  53.267  39.019  38.428  53.593  38.036  37.206
  52.343  37.529  36.594  54.660  37.104  37.614  54.251  39.066  36.179  53.466
  40.048  35.541  52.988  40.685  36.285  52.688  39.561  34.952  54.332  40.919
  34.631  53.682  41.631  34.122  55.262  41.694  35.379  56.437  41.864  34.599
  56.632  42.930  34.485  57.607  41.278  35.293  57.461  40.236  36.178  56.478
  39.825  36.353  58.532  39.716  36.824  58.382  38.891  37.504  59.868  40.227
  36.598  60.875  39.818  37.176  59.931  41.285  35.715  60.851  41.644  35.503
  58.862  41.840  35.041  59.033  42.790  34.275  55.134  40.143  33.572  55.675
  39.296  33.995  56.171  41.205  33.230  57.035  40.697  32.800  55.676  42.214
  32.364  56.429  42.658  31.969  54.397  39.658  32.463  54.996  38.439  31.614
  53.973  38.109  30.601  55.454  37.348  32.492  56.310  39.001  30.906  56.233
  39.936  29.851  55.696  40.823  30.188  55.692  39.493  29.015  57.621  40.371
  29.379  57.489  41.062  28.546  58.307  41.086  30.402  59.699  40.842  30.258
  60.235  41.787  30.164  60.195  40.183  31.475  59.473  39.559  32.453  58.399
  39.457  32.398  60.195  39.088  33.429  61.509  39.410  33.059  62.779  39.150
  33.687  63.035  38.570  34.745  63.857  39.659  32.976  64.777  39.501  33.362
  63.740  40.347  31.805  64.828  40.800  31.232  65.735  40.592  31.625  64.751
  41.293  30.354  62.588  40.607  31.193  61.508  40.106  31.868  58.546  39.239
  28.907  58.583  38.401  29.602  59.884  39.963  29.005  60.654  39.198  29.105
  60.152  40.849  27.927  61.103  40.978  27.888  58.247  38.712  27.633  58.655
  37.199  27.291  58.167  36.904  25.932  58.261  36.326  28.438  60.259  37.266
  27.284  60.942  37.988  26.268  60.576  39.014  26.239  60.755  37.541  25.292
  62.449  38.033  26.524  62.911  38.646  25.750  62.718  38.662  27.774  63.914
  38.117  28.305  64.648  38.908  28.459  63.634  37.524  29.619  62.423  37.190
  30.155  61.500  37.353  29.619  62.495  36.632  31.332  63.871  36.674  31.630
  64.628  36.262  32.787  64.241  35.766  33.847  65.993  36.462  32.651  66.569
  36.175  33.430  66.578  37.014  31.552  67.883  37.144  31.521  68.427  36.824
  32.310  68.297  37.580  30.709  65.920  37.416  30.473  64.570  37.222  30.574
  63.165  36.675  26.532  62.642  35.926  27.126  64.423  37.073  27.296  64.810
  36.161  27.752  65.408  37.740  26.518  66.251  37.620  26.959  63.418  36.104
  25.267  63.622  34.519  25.142  63.807  34.194  23.713  62.573  33.846  25.945
  64.998  34.288  25.926  66.213  34.795  25.413  66.094  35.855  25.187  66.475
  34.285  24.486  67.347  34.640  26.430  68.232  35.134  26.028  67.035  35.294
  27.658  67.658  34.596  28.721  68.302  35.281  29.273  66.648  34.098  29.666
  65.291  34.033  29.506  64.817  34.328  28.581  64.643  33.596  30.553  65.674
  33.319  31.473  65.655  32.791  32.815  64.705  32.426  33.510  66.913  32.706
  33.394  66.952  32.329  34.330  68.063  33.093  32.773  69.205  32.975  33.412
  69.206  32.546  34.327  70.051  33.267  32.943  68.133  33.582  31.541  66.902
  33.662  30.942  67.731  33.196  26.775  66.863  32.573  26.991  68.465  33.452
  28.090  68.432  32.519  28.654  69.796  33.950  27.977  70.243  33.722  28.796
  68.514  32.524  25.811  68.500  30.921  25.777  69.325  30.470  24.642  67.116
  30.431  25.930  69.279  30.576  27.135  70.638  30.917  27.296  70.771  31.992
  27.178  71.234  30.422  26.530  71.127  30.506  28.687  72.189  30.742  28.762
  70.481  31.237  29.729  70.280  30.370  30.839  70.671  30.831  31.746  68.836
  30.172  31.065  67.805  30.406  30.197  67.966  30.738  29.182  66.626  30.178
  30.701  66.890  29.744  32.004  66.015  29.319  33.069  64.787  29.217  33.098
  66.693  28.975  34.228  66.133  28.661  35.008  68.050  29.024  34.355  68.590
  28.666  35.498  67.983  28.372  36.250  69.593  28.737  35.598  68.896  29.402
  33.397  68.251  29.751  32.239  70.959  29.012  28.983  69.983  28.643  28.667
  71.002  29.048  30.507  70.475  28.162  30.860  72.329  29.122  31.033  72.262
  28.852  31.952  71.944  28.154  28.434  71.675  26.579  28.501  72.139  25.990
  27.235  70.347  26.286  29.074  72.751  26.199  29.612  72.741  24.894  30.164
  73.254  24.214  29.484  71.720  24.538  30.300  73.444  24.902  31.520  74.509
  25.050  31.343  73.038  25.996  32.340  72.791  25.531  33.655  73.250  26.224
  34.361  71.331  25.535  33.940  70.406  25.757  32.942  70.721  25.882  31.917
  69.086  25.817  33.224  68.382  25.984  32.422  68.590  25.669  34.573  67.421
  25.730  34.914  69.566  25.477  35.529  69.237  25.372  36.478  70.924  25.417
  35.277  71.721  25.261  36.204  73.267  23.596  32.314  72.262  23.176  32.261
  73.457  24.136  33.734  72.970  23.449  34.426  74.818  24.340  34.093  74.871
  24.507  35.037  74.160  22.564  31.933  73.849  21.753  32.342
