# 1FEU_A
CH SEQ() RES   ENERGY  PROPENSITY COMSERV   COMBINED1 COMBINED2  RA   
A   1    M      1.00      1.57      6.00     20.01      8.11     70.74
A   2    E      1.00     -0.55     -1.00     -3.88     -1.04     62.05
A   3    Y      1.00      0.94     -5.00     -1.38      1.81     24.90
A   4    R      1.00      0.22     -5.00     -5.69     -0.34     75.20
A   5    L      0.00      0.04      1.00      1.81      0.51      3.32
A   6    K      1.00     -0.59     -1.00     -4.12     -1.16     59.25
A   7    A      0.00     -0.02      2.00      3.07      0.74      2.26
A   8    Y      0.00      1.69     -9.00     -4.25      1.47     44.95
A   9    Y      1.00      0.89     -9.00     -8.08      0.06     23.55
A  10    R      0.00      0.05      4.00      6.72      1.76     18.04
A  11    E      1.00     -0.76     -1.00     -5.15     -1.67     86.02
A  12    G      1.00      0.04     -2.00     -1.95      0.33    100.00
A  13    E      0.00     -0.46     -5.00    -10.77     -3.38     52.33
A  14    K      1.00     -0.80     -1.00     -5.42     -1.81     81.13
A  15    P      1.00     -0.33     -5.00     -8.96     -1.98     59.01
A  16    S      1.00     -0.56      0.00     -2.35     -0.68     74.69
A  17    A      1.00     -0.58      0.00     -2.48     -0.74     62.69
A  18    L      0.00      0.15      2.00      4.10      1.25     13.97
A  19    R      1.00      0.10      3.00      6.42      2.51     35.32
A  20    R      1.00      0.22      0.00      2.33      1.67     76.30
A  21    A      1.00     -0.62     -3.00     -7.53     -2.07     67.32
A  22    G      0.00      0.03      1.00      1.81      0.50     81.67
A  23    K      1.00     -0.38     -2.00     -4.45     -0.93     37.94
A  24    L      0.00      0.02     -4.00     -6.25     -1.53      2.27
A  25    P      0.00     -0.03      2.00      3.05      0.72      4.63
A  26    G      0.00      0.00     -2.00     -3.19     -0.79      5.10
A  27    L      1.00      0.28     -6.00     -6.95     -0.57     25.74
A  28    M      0.00      0.07     -4.00     -5.95     -1.38      3.37
A  29    Y      0.00      1.31      3.00     12.64      5.12     34.72
A  30    N      0.00     -0.03     -5.00     -8.18     -2.09     12.15
A  31    R      1.00      0.20     -4.00     -4.17      0.01     70.28
A  32    H      1.00      1.04     -6.00     -2.35      1.73     66.57
A  33    L      1.00      0.39     -4.00     -3.08      0.56     36.11
A  34    N      0.00     -0.17     -1.00     -2.61     -0.90     67.77
A  35    R      1.00      0.17     -6.00     -7.57     -0.89     58.86
A  36    K      1.00     -0.45     -6.00    -11.29     -2.74     45.23
A  37    V      1.00      0.01      0.00      1.06      1.03      3.67
A  38    Y      0.00      1.07     -6.00     -3.18      0.81     28.43
A  39    V      0.00      0.01      2.00      3.24      0.82      2.29
A  40    D      0.00     -0.18     -1.00     -2.69     -0.94     31.76
A  41    L      0.00      0.24     -5.00     -6.57     -1.29     22.29
A  42    V      1.00      0.25     -4.00     -3.88      0.16     91.25
A  43    E      1.00     -0.32      1.00      0.68      0.44     36.36
A  44    F      0.00      0.08      0.00      0.49      0.25      2.74
A  45    D      1.00     -0.29     -6.00    -10.37     -2.28     51.68
A  46    K      1.00     -0.88      1.00     -2.70     -1.25     89.11
A  47    V      0.00      0.05     -1.00     -1.29     -0.24     18.89
A  48    F      1.00      1.01     -3.00      2.26      2.83     33.67
A  49    R      1.00      0.24      1.00      4.03      2.12     82.05
A  50    Q      1.00     -0.41     -3.00     -6.25     -1.43     59.66
A  51    A      0.00     -0.00     -1.00     -1.60     -0.40      0.00
A  52    S      1.00     -0.51     -3.00     -6.86     -1.73     68.21
A  53    I      1.00      1.10     -4.00      1.22      2.71     44.78
A  54    H      1.00      0.31     -4.00     -3.51      0.34     20.09
A  55    H      0.00      0.45     -6.00     -6.90     -1.05     28.79
A  56    V      0.00      0.05      0.00      0.28      0.14     16.69
A  57    I      0.00      0.08      2.00      3.69      1.04      3.29
A  58    V      0.00      0.09     -5.00     -7.47     -1.74     31.77
A  59    L      0.00      0.01      1.00      1.67      0.44      1.10
A  60    E      1.00     -0.44     -3.00     -6.44     -1.52     49.98
A  61    L      0.00      0.01     -2.00     -3.12     -0.76      1.25
A  62    P      0.00     -0.22     -4.00     -7.70     -2.25     39.09
A  63    D      0.00     -0.25     -1.00     -3.12     -1.16     44.30
A  64    G      0.00      0.04      0.00      0.23      0.12     91.05
A  65    Q      1.00     -0.39     -4.00     -7.72     -1.76     56.45
A  66    S      1.00     -0.49     -3.00     -6.75     -1.68     65.73
A  67    L      0.00      0.19     -4.00     -5.24     -1.02     18.11
A  68    P      1.00     -0.31     -3.00     -5.64     -1.12     55.56
A  69    T      0.00     -0.01     -3.00     -4.84     -1.22      0.87
A  70    L      1.00      0.06      1.00      2.98      1.59      5.85
A  71    V      0.00      0.00     -1.00     -1.57     -0.39      1.73
A  72    R      0.00      0.13     -1.00     -0.83     -0.01     44.14
A  73    Q      1.00     -0.45     -5.00     -9.72     -2.36     66.13
A  74    V      0.00      0.05      1.00      1.87      0.54     16.43
A  75    N      1.00     -0.12     -7.00    -10.93     -2.17     49.22
A  76    L      1.00      0.68     -3.00      0.28      1.84     63.62
A  77    D      1.00     -0.16      1.00      1.67      0.93     27.17
A  78    K      1.00     -0.96     -4.00    -11.17     -3.48     97.08
A  79    R      1.00      0.29     -5.00     -5.26     -0.13     99.54
A  80    R      1.00      0.25     -2.00     -0.70      0.95     85.76
A  81    R      1.00      0.29     -2.00     -0.45      1.07    100.00
A  82    R      1.00      0.15     -3.00     -2.92      0.24     50.15
A  83    P      0.00     -0.11     -3.00     -5.46     -1.53     19.82
A  84    E      1.00     -0.43     -6.00    -11.18     -2.69     48.89
A  85    H      1.00      0.51      3.00      8.86      3.73     32.59
A  86    V      0.00      0.01      1.00      1.64      0.42      2.49
A  87    D      0.00     -0.09      2.00      2.69      0.54     14.93
A  88    F      0.00      0.05      3.00      5.13      1.36      1.83
A  89    F      1.00      0.82     -2.00      2.73      2.66     27.39
A  90    V      0.00      0.02     -3.00     -4.70     -1.15      5.75
A  91    L      0.00      0.05     -3.00     -4.53     -1.06      4.24
A  92    S      1.00     -0.17     -2.00     -3.22     -0.31     22.62
A  93    D      1.00     -0.44     -3.00     -6.46     -1.53     77.56
A  94    E      0.00     -0.35      0.00     -2.07     -1.04     39.21
A  95    P      1.00     -0.30     -4.00     -7.20     -1.50     54.12
A  96    V      0.00      0.04      1.00      1.82      0.51     13.14
A  97    E      1.00     -0.53     -1.00     -3.81     -1.00     60.69
A  98    M      0.00      0.08     -4.00     -5.94     -1.37      3.42
A  99    Y      0.00      2.16     -8.00      0.14      3.27     57.32
A 100    V      0.00      0.00      3.00      4.81      1.21      0.78
A 101    P      0.00     -0.22      1.00      0.25     -0.27     40.58
A 102    L      0.00      0.00     -1.00     -1.58     -0.39      0.32
A 103    R      1.00      0.20     -4.00     -4.23     -0.01     67.08
A 104    F      0.00      0.43      0.00      2.56      1.28     14.21
A 105    V      0.00      0.14      1.00      2.42      0.81     49.25
A 106    G      0.00      0.02      1.00      1.73      0.46     50.31
A 107    T      0.00     -0.54     -3.00     -8.02     -2.81     73.59
A 108    P      0.00     -0.02     -4.00     -6.54     -1.67      4.17
A 109    A      1.00     -0.56     -2.00     -5.54     -1.47     60.23
A 110    G      0.00      0.00      1.00      1.60      0.40      0.00
A 111    V      1.00      0.10      2.00      4.83      2.11     37.74
A 112    R      1.00      0.23     -3.00     -2.43      0.48     78.20
A 113    A      1.00     -0.48     -4.00     -8.28     -2.04     51.91
A 114    G      0.00      0.04      1.00      1.82      0.51     86.86
A 115    G      0.00      0.00      2.00      3.20      0.80      0.00
A 116    V      0.00      0.13      2.00      3.98      1.19     46.70
A 117    L      1.00      0.29      2.00      5.95      2.67     27.29
A 118    Q      1.00     -0.21      1.00      1.36      0.78     30.15
A 119    E      1.00     -0.47     -6.00    -11.43     -2.81     53.53
A 120    I      1.00      1.24     -3.00      3.63      3.52     50.29
A 121    H      1.00      0.55     -7.00     -6.93     -0.16     34.84
A 122    R      1.00      0.27     -2.00     -0.56      1.02     93.88
A 123    D      1.00     -0.18     -5.00     -8.07     -1.54     31.27
A 124    I      0.00      0.08      0.00      0.48      0.24      3.26
A 125    L      0.00      0.28     -7.00     -9.55     -1.97     25.74
A 126    V      0.00      0.00      2.00      3.20      0.80      0.20
A 127    K      1.00     -0.56     -3.00     -7.18     -1.89     56.94
A 128    V      0.00      0.00     -4.00     -6.39     -1.59      0.85
A 129    S      1.00     -0.41     -5.00     -9.46     -2.23     54.69
A 130    P      0.00     -0.12      1.00      0.88      0.04     21.73
A 131    R      1.00      0.27     -5.00     -5.38     -0.19     92.63
A 132    N      1.00     -0.12     -2.00     -2.93     -0.16     48.90
A 133    I      0.00      0.32      3.00      6.73      2.17     13.07
A 134    P      0.00     -0.04      2.00      2.95      0.68      7.38
A 135    E      0.00     -0.45      0.00     -2.67     -1.34     50.53
A 136    F      1.00      1.54     -5.00      2.24      3.62     51.35
A 137    I      0.00      0.04      3.00      5.06      1.33      1.78
A 138    E      0.00     -0.56      1.00     -1.77     -1.28     63.75
A 139    V      0.00      0.01      2.00      3.24      0.82      2.22
A 140    D      0.00     -0.30      2.00      1.38     -0.11     53.26
A 141    V      1.00      0.01      1.00      2.66      1.43      3.35
A 142    S      0.00     -0.39      2.00      0.88     -0.36     51.74
A 143    G      1.00      0.04     -3.00     -3.55     -0.08     97.70
A 144    L      0.00      0.12      2.00      3.92      1.16     11.15
A 145    E      1.00     -0.55     -1.00     -3.92     -1.06     62.79
A 146    I      1.00      0.74      2.00      8.66      4.03     30.18
A 147    G      0.00      0.03      1.00      1.80      0.50     80.81
A 148    D      1.00     -0.28      1.00      0.92      0.56     49.13
A 149    S      1.00     -0.31      1.00      0.75      0.48     41.16
A 150    L      1.00      0.18      0.00      2.07      1.53     16.68
A 151    H      0.00      0.65      0.00      3.90      1.95     41.53
A 152    A      0.00     -0.00     -3.00     -4.80     -1.20      0.00
A 153    S      1.00     -0.45     -1.00     -3.32     -0.76     60.47
A 154    D      1.00     -0.28      1.00      0.92      0.56     49.11
A 155    L      0.00      0.02      0.00      0.13      0.07      2.06
A 156    K      1.00     -0.96      0.00     -4.75     -1.87     96.69
A 157    L      0.00      0.22      0.00      1.30      0.65     20.21
A 158    P      0.00     -0.21      0.00     -1.24     -0.62     37.36
A 159    P      1.00     -0.54     -7.00    -13.42     -3.41     96.93
A 160    G      0.00      0.03      0.00      0.17      0.09     67.44
A 161    V      0.00      0.00      1.00      1.63      0.41      1.59
A 162    E      1.00     -0.68     -1.00     -4.69     -1.44     77.33
A 163    L      0.00      0.19     -2.00     -2.06     -0.23     17.84
A 164    A      0.00     -0.04     -4.00     -6.63     -1.71      4.12
A 165    V      0.00      0.07     -5.00     -7.60     -1.80     24.15
A 166    S      0.00     -0.49     -4.00     -9.32     -3.06     64.93
A 167    P      1.00     -0.42     -1.00     -3.13     -0.67     76.30
A 168    E      1.00     -0.81      0.00     -3.86     -1.43     92.05
A 169    E      1.00     -0.42     -1.00     -3.09     -0.65     47.20
A 170    T      1.00     -0.32      0.00     -0.90      0.05     43.49
A 171    I      0.00      0.03      2.00      3.37      0.88      1.13
A 172    A      0.00     -0.02      1.00      1.48      0.34      2.07
A 173    A      1.00     -0.31     -4.00     -7.23     -1.52     33.06
A 174    V      0.00      0.00      2.00      3.20      0.80      0.00
A 175    V      1.00      0.08     -1.00     -0.12      0.84     29.02
A 176    P      1.00     -0.37     -2.00     -4.42     -0.91     66.96
A 177    P      1.00     -0.33      2.00      2.22      0.81     59.62
A 178    E      1.00     -0.87     -4.00    -10.62     -3.21     98.80
A 179    D      1.00     -0.23     -6.00     -9.99     -2.10     40.63
A 180    V      1.00      0.07     -3.00     -3.36      0.02     26.25
A 181    E      1.00     -0.71      1.00     -1.67     -0.73     80.74
A 182    K      1.00     -0.96     -4.00    -11.17     -3.48     97.02
A 183    L      1.00      0.72     -2.00      2.14      2.37     67.65
A 184    A      1.00     -0.92     -1.00     -6.15     -2.17    100.00
A 185    E      1.00     -0.80      2.00     -0.63     -0.61     91.39
