103	5	16.4
104	6	15.6666666666667
105	11	11.8181818181818
106	7	9.42857142857143
107	10	7.2
108	6	8.83333333333333
109	6	13.3333333333333
110	5	10.2
111	4	12.25
112	8	9.125
113	5	8.8
114	8	8.25
115	7	16.8571428571429
116	10	13.6
117	7	8.85714285714286
118	7	14.1428571428571
119	7	11.7142857142857
120	6	15.8333333333333
121	9	11.6666666666667
122	13	7.84615384615385
123	8	12.625
124	8	11.875
125	12	9.5
126	10	9.3
127	11	9
128	6	12
129	9	10.6666666666667
130	6	11.1666666666667
131	6	7.83333333333333
132	6	11.5
133	7	13.2857142857143
134	7	11.8571428571429
135	11	10.3636363636364
136	8	13.25
137	12	7.75
138	5	8.8
139	5	13
140	7	8.85714285714286
141	7	12.1428571428571
142	7	11.5714285714286
143	6	15
144	10	12.4
145	7	8.28571428571429
146	8	14.125
147	6	13.8333333333333
148	6	17.1666666666667
149	7	14.1428571428571
150	12	11
151	8	10.625
152	9	9.55555555555556
153	11	10.8181818181818
154	9	10.7777777777778
155	12	9.83333333333333
156	7	9.85714285714286
157	9	10.3333333333333
158	6	11.3333333333333
159	6	7.5
160	6	11.8333333333333
161	7	11.8571428571429
162	7	11
163	12	9
164	8	6.375
165	11	7.63636363636364
166	4	10.75
167	5	11.8
168	7	7.71428571428571
169	6	8
170	8	10.5
171	6	12.3333333333333
172	10	14.3
173	8	7.875
174	8	12.25
175	6	14.5
176	6	13.8333333333333
177	9	11
178	12	9.41666666666667
179	8	9.25
180	8	8
181	12	9.41666666666667
182	8	9
183	8	9.125
184	7	11.8571428571429
185	9	9.88888888888889
186	4	12.75
187	4	8.25
