103	5	12.4
104	6	11.5
105	11	10.9090909090909
106	7	8.28571428571429
107	10	7.2
108	6	8.83333333333333
109	6	13.3333333333333
110	5	10.2
111	4	12.25
112	8	9.125
113	5	8.6
114	8	7.75
115	7	12.7142857142857
116	10	13.4
117	7	8.42857142857143
118	7	12
119	7	10.7142857142857
120	6	10.1666666666667
121	9	11.2222222222222
122	13	7.53846153846154
123	8	9.5
124	8	11.25
125	12	9.5
126	10	9.3
127	11	9
128	6	12
129	9	10.6666666666667
130	6	11.1666666666667
131	6	7.83333333333333
132	6	11.5
133	7	13.2857142857143
134	7	11.8571428571429
135	11	10
136	8	9.25
137	12	7.08333333333333
138	5	8.8
139	5	13
140	7	8.85714285714286
141	7	10.1428571428571
142	7	11.2857142857143
143	6	14
144	10	12
145	7	8.28571428571429
146	8	14
147	6	13.3333333333333
148	6	17.1666666666667
149	7	13.8571428571429
150	12	8.58333333333333
151	8	10
152	9	9.55555555555556
153	11	10.7272727272727
154	9	10.2222222222222
155	12	9.83333333333333
156	7	9.85714285714286
157	9	10.3333333333333
158	6	11.3333333333333
159	6	7.5
160	6	11.8333333333333
161	7	11.8571428571429
162	7	11
163	12	9
164	8	6.375
165	11	7.63636363636364
166	4	10.75
167	5	11.8
168	7	7.71428571428571
169	6	8
170	8	10.5
171	6	12.3333333333333
172	10	14.3
173	8	7.875
174	8	12.25
175	6	14.5
176	6	13.8333333333333
177	9	11
178	12	9.41666666666667
179	8	9.25
180	8	8
181	12	9.41666666666667
182	8	9
183	8	9.125
184	7	12
185	9	9.88888888888889
186	4	12.75
187	4	8.5
