1AAY_A_D120A	2.5552	-453.2194	446.6631	0.2269	-3.7742	-116.0218	-5095.3803	5131.5464	-13.2634	-93.1191	
1AAY_A_E121A	3.4737	-472.8950	460.5050	0.3878	-8.5285	-116.0218	-5095.3803	5131.5464	-13.2634	-93.1191	
1AAY_A_R118A	6.4402	444.9856	-432.4653	0.5987	19.5592	-116.0218	-5095.3803	5131.5464	-13.2634	-93.1191	
1AAY_A_R124A	2.9704	527.7891	-514.4810	0.4958	16.7743	-116.0218	-5095.3803	5131.5464	-13.2634	-93.1191	
1AIS_A_D101A	0.2554	-376.5781	371.1863	-0.0032	-5.1396	-166.9940	-213.7390	330.3754	-13.2056	-63.5632	
1AIS_A_E128A	0.2427	-457.0394	450.5301	-0.0013	-6.2679	-166.9940	-213.7390	330.3754	-13.2056	-63.5632	
1AIS_A_E12A	2.6586	-527.7753	517.9956	0.1757	-6.9454	-166.9940	-213.7390	330.3754	-13.2056	-63.5632	
1AIS_A_E12K	6.4913	-1085.7880	1073.1718	0.0265	-6.0984	-166.9940	-213.7390	330.3754	-13.2056	-63.5632	
1AIS_A_H49R	-1.4434	-494.2229	493.1327	0.1486	-2.3850	-166.9940	-213.7390	330.3754	-13.2056	-63.5632	
1AIS_A_Q103A	1.8318	7.4161	-9.3854	0.1420	0.0045	-166.9940	-213.7390	330.3754	-13.2056	-63.5632	
1AIS_A_Q103E	0.4509	453.4369	-448.0705	-0.0177	5.7996	-166.9940	-213.7390	330.3754	-13.2056	-63.5632	
1ASY_A_D210A	2.3750	-994.2383	978.0758	0.2589	-13.5286	-206.6942	2350.5638	-2071.4052	-20.5159	51.9485	
1ASY_A_E188A	1.8625	-616.4036	610.7865	0.1059	-3.6487	-206.6942	2350.5638	-2071.4052	-20.5159	51.9485	
1ASY_A_E202A	3.3371	-922.5186	900.5777	0.2260	-18.3778	-206.6942	2350.5638	-2071.4052	-20.5159	51.9485	
1ASY_A_E327A	2.9497	-756.4672	741.8843	0.3898	-11.2434	-206.6942	2350.5638	-2071.4052	-20.5159	51.9485	
1ASY_A_F127A	3.1186	-1.9120	-0.8238	0.1184	0.5012	-206.6942	2350.5638	-2071.4052	-20.5159	51.9485	
1ASY_A_F304A	0.0346	-0.9431	0.9071	0.0000	-0.0014	-206.6942	2350.5638	-2071.4052	-20.5159	51.9485	
1ASY_A_H334A	-4.6836	5.3830	0.9775	0.1397	1.8166	-206.6942	2350.5638	-2071.4052	-20.5159	51.9485	
1ASY_A_K142A	0.9046	660.1611	-650.3567	0.3321	11.0411	-206.6942	2350.5638	-2071.4052	-20.5159	51.9485	
1ASY_A_K155A	1.6355	851.8342	-841.9785	0.2920	11.7832	-206.6942	2350.5638	-2071.4052	-20.5159	51.9485	
1ASY_A_K180A	1.2526	719.7830	-710.9626	0.0280	10.1010	-206.6942	2350.5638	-2071.4052	-20.5159	51.9485	
1ASY_A_K293A	-0.1396	435.3699	-429.7326	-0.0046	5.4931	-206.6942	2350.5638	-2071.4052	-20.5159	51.9485	
1ASY_A_K428A	0.2711	704.4555	-696.1212	-0.0053	8.6001	-206.6942	2350.5638	-2071.4052	-20.5159	51.9485	
1ASY_A_K553A	2.4565	997.4459	-988.0901	0.3621	12.1744	-206.6942	2350.5638	-2071.4052	-20.5159	51.9485	
1ASY_A_N117A	1.1395	-18.2002	17.2493	0.1145	0.3031	-206.6942	2350.5638	-2071.4052	-20.5159	51.9485	
1ASY_A_N227A	1.9964	14.0003	-15.7187	0.1099	0.3879	-206.6942	2350.5638	-2071.4052	-20.5159	51.9485	
1ASY_A_N328A	2.4660	-9.8280	5.7973	0.2088	-1.3559	-206.6942	2350.5638	-2071.4052	-20.5159	51.9485	
1ASY_A_Q121A	3.7178	-6.3609	3.5817	0.4767	1.4153	-206.6942	2350.5638	-2071.4052	-20.5159	51.9485	
1ASY_A_Q138A	2.3005	-14.0592	14.8222	0.1138	3.1773	-206.6942	2350.5638	-2071.4052	-20.5159	51.9485	
1ASY_A_Q300A	0.1912	1.8936	-1.8356	0.0052	0.2544	-206.6942	2350.5638	-2071.4052	-20.5159	51.9485	
1ASY_A_R119A	8.3094	856.5835	-851.5656	0.5649	13.8922	-206.6942	2350.5638	-2071.4052	-20.5159	51.9485	
1ASY_A_S181A	-2.3479	14.6204	-16.6753	0.0370	-4.3658	-206.6942	2350.5638	-2071.4052	-20.5159	51.9485	
1ASY_A_S280A	-0.0008	-0.5202	0.5374	0.0000	0.0164	-206.6942	2350.5638	-2071.4052	-20.5159	51.9485	
1ASY_A_S301A	0.1770	0.0051	-0.0598	-0.0204	0.1019	-206.6942	2350.5638	-2071.4052	-20.5159	51.9485	
1ASY_A_S329A	-2.8509	8.3537	-2.6340	0.0243	2.8931	-206.6942	2350.5638	-2071.4052	-20.5159	51.9485	
1ASY_A_S423A	0.2600	-2.5079	2.9209	-0.0256	0.6474	-206.6942	2350.5638	-2071.4052	-20.5159	51.9485	
1ASY_A_T124A	-0.2891	-0.0961	0.0812	-0.0286	-0.3326	-206.6942	2350.5638	-2071.4052	-20.5159	51.9485	
1ASY_A_T230A	1.6561	18.1520	-18.6340	0.1212	1.2953	-206.6942	2350.5638	-2071.4052	-20.5159	51.9485	
1ASY_A_T331A	1.5664	-10.9746	10.2862	0.0981	0.9761	-206.6942	2350.5638	-2071.4052	-20.5159	51.9485	
1ASY_A_T424A	2.0519	3.7383	-5.1439	0.2173	0.8636	-206.6942	2350.5638	-2071.4052	-20.5159	51.9485	
1AUD_A_F55H	-1.9325	-9.2434	10.0243	-0.0349	-1.1865	-110.6195	-3761.8015	3838.7359	-9.7190	-43.4041	
1AUD_A_F55W	-3.5369	-4.3269	7.6044	0.2010	-0.0584	-110.6195	-3761.8015	3838.7359	-9.7190	-43.4041	
1AUD_A_F55Y	-3.6976	-2.3770	3.6253	0.0091	-2.4402	-110.6195	-3761.8015	3838.7359	-9.7190	-43.4041	
1AZ0_A_D90A	-2.3717	-407.5856	395.0698	0.0312	-14.8563	-108.7978	-1783.7505	1886.9769	-11.8548	-17.4262	
1AZ0_A_K38A	-2.0692	444.3961	-445.9150	0.2186	-3.3695	-108.7978	-1783.7505	1886.9769	-11.8548	-17.4262	
1B3T_A_R469A	10.6303	714.5169	-709.2246	0.8775	16.8001	-166.4101	-5039.7283	5061.1806	-13.8744	-158.8322	
1B3T_A_R522A	2.6677	658.1356	-630.1811	0.2107	30.8329	-166.4101	-5039.7283	5061.1806	-13.8744	-158.8322	
1B3T_A_Y518A	7.6238	13.7845	-12.5371	0.4323	9.3035	-166.4101	-5039.7283	5061.1806	-13.8744	-158.8322	
1B72_A_F210Y	-0.0616	-10.4984	12.2392	-0.0167	1.6625	-67.9905	-5293.2891	5293.5155	-8.1069	-75.8710	
1B72_A_L215T	0.2455	-16.9888	16.3553	0.0295	-0.3585	-67.9905	-5293.2891	5293.5155	-8.1069	-75.8710	
1B72_A_N209T	-0.3531	-30.4263	29.9539	-0.0312	-0.8567	-67.9905	-5293.2891	5293.5155	-8.1069	-75.8710	
1BP7_A_Q26A	4.5797	-17.9922	8.0404	0.3675	-5.0046	-176.9553	-4121.2189	4253.2970	-17.5188	-62.3960	
1BP7_A_S32K	-5.8119	-619.5812	611.7577	-0.4535	-14.0889	-176.9553	-4121.2189	4253.2970	-17.5188	-62.3960	
1BP7_A_Y33C	4.5721	0.1130	-9.2475	0.3172	-4.2452	-176.9553	-4121.2189	4253.2970	-17.5188	-62.3960	
1BP7_A_Y33H	0.1427	-19.5788	11.4885	0.0718	-7.8758	-176.9553	-4121.2189	4253.2970	-17.5188	-62.3960	
1C9S_L_D39A	-0.6571	-417.6907	417.7735	0.1544	-0.4199	-48.4849	201.8391	-164.0591	-5.1174	-15.8223	
1C9S_L_E36A	0.0557	-467.3164	472.0657	0.2433	5.0483	-48.4849	201.8391	-164.0591	-5.1174	-15.8223	
1C9S_L_K37A	2.1336	537.4255	-533.6192	0.5220	6.4619	-48.4849	201.8391	-164.0591	-5.1174	-15.8223	
1C9S_L_K56A	1.4890	492.7795	-489.5781	0.1782	4.8686	-48.4849	201.8391	-164.0591	-5.1174	-15.8223	
1C9S_L_R58A	3.2826	498.1219	-493.7786	0.2747	7.9006	-48.4849	201.8391	-164.0591	-5.1174	-15.8223	
1C9S_L_T30C	0.2353	2.7613	-2.1447	0.0231	0.8750	-48.4849	201.8391	-164.0591	-5.1174	-15.8223	
1C9S_L_T30D	0.0815	473.5731	-466.6860	0.0168	6.9854	-48.4849	201.8391	-164.0591	-5.1174	-15.8223	
1C9S_L_T30E	-0.1438	483.3597	-475.1949	-0.0089	8.0121	-48.4849	201.8391	-164.0591	-5.1174	-15.8223	
1C9S_L_T30I	-0.4558	5.2063	-3.2738	-0.0547	1.4220	-48.4849	201.8391	-164.0591	-5.1174	-15.8223	
1C9S_L_T30L	-0.6032	4.1854	-2.8428	-0.0323	0.7071	-48.4849	201.8391	-164.0591	-5.1174	-15.8223	
1C9S_L_T30N	0.1404	7.0954	-6.0173	0.0139	1.2324	-48.4849	201.8391	-164.0591	-5.1174	-15.8223	
1C9S_L_T30P	0.3645	6.3972	-4.8649	0.0293	1.9261	-48.4849	201.8391	-164.0591	-5.1174	-15.8223	
1C9S_L_T30Q	-0.1112	8.6111	-6.6736	-0.0068	1.8195	-48.4849	201.8391	-164.0591	-5.1174	-15.8223	
1C9S_L_T30S	0.2750	3.2114	-2.2066	0.0173	1.2971	-48.4849	201.8391	-164.0591	-5.1174	-15.8223	
1C9S_L_T30V	-0.1121	4.9358	-3.5467	-0.0107	1.2663	-48.4849	201.8391	-164.0591	-5.1174	-15.8223	
1CKQ_A_A138T	-1.5920	0.5966	1.5434	-0.0767	0.4713	-84.3511	-522.4903	586.9660	-7.6967	-27.5721	
1CKQ_A_E192K	0.4223	-267.0980	264.0888	-0.0030	-2.5899	-84.3511	-522.4903	586.9660	-7.6967	-27.5721	
1CKQ_A_H114Y	0.4253	3.7594	-2.6896	-0.0329	1.4622	-84.3511	-522.4903	586.9660	-7.6967	-27.5721	
1CKT_A_F37A	14.0880	-12.8896	7.5751	0.8257	9.5992	-91.1095	-4140.1713	4156.9384	-8.2969	-82.6393	
1EWQ_A_E41A	-1.8129	-661.7574	657.6829	0.1990	-5.6884	-93.5680	3053.0532	-2910.7237	-10.4019	38.3596	
1FEU_A_D87E	-0.4087	-3.9405	2.0563	0.0116	-2.2813	-92.7552	-730.9285	794.7060	-8.9763	-37.9540	
1FEU_A_H85A	5.5583	-4.5246	-5.5432	0.1045	-4.4050	-92.7552	-730.9285	794.7060	-8.9763	-37.9540	
1FEU_A_K14A	0.7035	819.6754	-802.2624	0.6058	18.7223	-92.7552	-730.9285	794.7060	-8.9763	-37.9540	
1FEU_A_R10A	3.2437	701.1834	-684.9550	0.2223	19.6944	-92.7552	-730.9285	794.7060	-8.9763	-37.9540	
1FEU_A_R19A	3.5653	721.2152	-701.5968	0.1950	23.3787	-92.7552	-730.9285	794.7060	-8.9763	-37.9540	
1FEU_A_R20A	-0.4294	681.0839	-663.5551	0.3350	17.4344	-92.7552	-730.9285	794.7060	-8.9763	-37.9540	
1FEU_A_S16A	0.5543	6.5421	-7.5125	0.0620	-0.3541	-92.7552	-730.9285	794.7060	-8.9763	-37.9540	
1FOS_E_K148A	-0.6469	648.1674	-647.6648	0.4212	0.2769	-13.5559	-4919.5787	4903.8151	-5.3932	-34.7127	
1FOS_E_K153A	-2.6980	661.6483	-659.1239	0.3276	0.1540	-13.5559	-4919.5787	4903.8151	-5.3932	-34.7127	
1FOS_E_R143A	-3.2462	666.7824	-666.1965	0.0662	-2.5941	-13.5559	-4919.5787	4903.8151	-5.3932	-34.7127	
1FOS_E_R144A	-31.2951	693.7469	-684.5941	0.5956	-21.5467	-13.5559	-4919.5787	4903.8151	-5.3932	-34.7127	
1FOS_E_R146A	-3.9353	592.2242	-591.6454	0.0755	-3.2810	-13.5559	-4919.5787	4903.8151	-5.3932	-34.7127	
1FOS_E_R155A	-1.3534	781.1882	-776.2087	0.6725	4.2986	-13.5559	-4919.5787	4903.8151	-5.3932	-34.7127	
1FOS_E_R157A	-4.2156	578.5320	-577.7040	0.0602	-3.3274	-13.5559	-4919.5787	4903.8151	-5.3932	-34.7127	
1FOS_E_R158A	-3.0850	706.1252	-702.0960	0.4723	1.4165	-13.5559	-4919.5787	4903.8151	-5.3932	-34.7127	
1FOS_F_K267A	-0.4006	655.4387	-648.2082	0.0771	6.9070	9.6599	-7989.2218	7946.1873	-5.4231	-38.7977	
1FOS_F_K277A	-1.4333	581.8960	-574.0125	0.0075	6.4577	9.6599	-7989.2218	7946.1873	-5.4231	-38.7977	
1FOS_F_K282A	0.1465	695.8852	-686.9920	0.2606	9.3003	9.6599	-7989.2218	7946.1873	-5.4231	-38.7977	
1FOS_F_R268A	3.0161	655.3619	-648.4229	0.5174	10.4725	9.6599	-7989.2218	7946.1873	-5.4231	-38.7977	
1FOS_F_R270A	-49.1681	702.3912	-681.9894	0.6820	-28.0843	9.6599	-7989.2218	7946.1873	-5.4231	-38.7977	
1FOS_F_R272A	-0.9875	693.3631	-683.4775	0.4289	9.3270	9.6599	-7989.2218	7946.1873	-5.4231	-38.7977	
1FOS_F_R279A	-3.6974	753.7272	-762.9258	0.6530	-12.2430	9.6599	-7989.2218	7946.1873	-5.4231	-38.7977	
1FOS_F_R281A	0.0221	610.9437	-603.2802	0.2760	7.9616	9.6599	-7989.2218	7946.1873	-5.4231	-38.7977	
1HCQ_A_D12A	0.1455	-543.8051	536.1986	0.0698	-7.3912	-66.0008	-4092.1630	4072.1108	-6.9820	-93.0350	
1HCQ_A_E25A	2.7957	-634.3578	633.5396	0.3155	2.2930	-66.0008	-4092.1630	4072.1108	-6.9820	-93.0350	
1HCQ_A_H18A	4.2795	-42.9311	32.3864	0.1223	-6.1429	-66.0008	-4092.1630	4072.1108	-6.9820	-93.0350	
1HCQ_A_K28A	4.9762	618.4103	-612.3422	0.5145	11.5588	-66.0008	-4092.1630	4072.1108	-6.9820	-93.0350	
1HCQ_A_K32A	4.1461	678.3041	-672.5109	0.6925	10.6318	-66.0008	-4092.1630	4072.1108	-6.9820	-93.0350	
1HCQ_A_R33A	6.3995	687.0782	-672.1210	0.7054	22.0621	-66.0008	-4092.1630	4072.1108	-6.9820	-93.0350	
1HCQ_A_S15A	0.4137	-27.8708	26.8988	0.0646	-0.4937	-66.0008	-4092.1630	4072.1108	-6.9820	-93.0350	
1HCQ_A_S23A	0.1823	-31.7228	30.7770	0.0610	-0.7025	-66.0008	-4092.1630	4072.1108	-6.9820	-93.0350	
1HCQ_A_Y19A	3.4044	-20.5214	20.7212	0.4572	4.0614	-66.0008	-4092.1630	4072.1108	-6.9820	-93.0350	
1J5N_A_A74D	1.5075	558.7706	-542.3109	-0.1923	17.7749	-111.0688	-5778.9887	5948.4771	-16.1444	42.2752	
1J5N_A_F48A	5.6619	-19.8442	-0.5224	0.5780	-14.1267	-111.0688	-5778.9887	5948.4771	-16.1444	42.2752	
1J5N_A_K22A	9.9419	554.9368	-564.2835	0.1995	0.7947	-111.0688	-5778.9887	5948.4771	-16.1444	42.2752	
1J5N_A_K53A	2.5226	447.8624	-459.0176	0.2432	-8.3894	-111.0688	-5778.9887	5948.4771	-16.1444	42.2752	
1J5N_A_K54A	3.2248	350.4022	-360.3592	-0.0117	-6.7439	-111.0688	-5778.9887	5948.4771	-16.1444	42.2752	
1J5N_A_K58A	3.7654	349.5607	-359.5432	0.0003	-6.2168	-111.0688	-5778.9887	5948.4771	-16.1444	42.2752	
1J5N_A_K60A	4.2747	532.3746	-540.9137	0.5043	-3.7601	-111.0688	-5778.9887	5948.4771	-16.1444	42.2752	
1J5N_A_K67A	4.5570	472.5094	-481.2921	0.1010	-4.1247	-111.0688	-5778.9887	5948.4771	-16.1444	42.2752	
1J5N_A_K78A	-4.1389	538.3726	-554.3670	0.4012	-19.7321	-111.0688	-5778.9887	5948.4771	-16.1444	42.2752	
1J5N_A_K85A	-3.5245	540.8349	-545.9073	0.2447	-8.3522	-111.0688	-5778.9887	5948.4771	-16.1444	42.2752	
1J5N_A_L25D	-3.9373	552.6646	-551.5203	-0.0262	-2.8192	-111.0688	-5778.9887	5948.4771	-16.1444	42.2752	
1J5N_A_M29A	-1.0116	-27.8029	9.4486	0.0651	-19.3008	-111.0688	-5778.9887	5948.4771	-16.1444	42.2752	
1J5N_A_N33A	5.1647	-8.9663	-5.8586	0.1729	-9.4873	-111.0688	-5778.9887	5948.4771	-16.1444	42.2752	
1J5N_A_P18A	3.4568	-19.1515	5.0103	-0.0019	-10.6863	-111.0688	-5778.9887	5948.4771	-16.1444	42.2752	
1J5N_A_R23A	6.5687	645.3962	-652.4382	0.7509	0.2776	-111.0688	-5778.9887	5948.4771	-16.1444	42.2752	
1J5N_A_R36A	-5.6347	482.2492	-492.5927	0.2776	-15.7006	-111.0688	-5778.9887	5948.4771	-16.1444	42.2752	
1J5N_A_R40A	3.9328	487.8558	-494.6030	0.5508	-2.2636	-111.0688	-5778.9887	5948.4771	-16.1444	42.2752	
1J5N_A_Y28A	4.9788	-21.1705	-1.1152	0.2472	-17.0597	-111.0688	-5778.9887	5948.4771	-16.1444	42.2752	
1J5N_A_Y81A	5.9562	-12.5283	-6.2774	0.1352	-12.7143	-111.0688	-5778.9887	5948.4771	-16.1444	42.2752	
1J5N_A_Y88A	4.4090	-24.7925	9.0453	0.1081	-11.2301	-111.0688	-5778.9887	5948.4771	-16.1444	42.2752	
1JBS_A_D143A	0.3459	-260.8450	256.6661	-0.0020	-3.8350	-56.2392	-1688.4092	1719.0009	-5.5532	-31.2007	
1JBS_A_D40A	0.3412	-369.4326	363.7138	-0.0193	-5.3969	-56.2392	-1688.4092	1719.0009	-5.5532	-31.2007	
1JBS_A_F51A	0.0869	-0.7015	0.6901	-0.0295	0.0460	-56.2392	-1688.4092	1719.0009	-5.5532	-31.2007	
1JBS_A_H49A	1.1836	-6.3215	4.5602	0.0148	-0.5629	-56.2392	-1688.4092	1719.0009	-5.5532	-31.2007	
1JBS_A_K110A	5.5821	493.7795	-482.3769	0.6329	17.6176	-56.2392	-1688.4092	1719.0009	-5.5532	-31.2007	
1JBS_A_K111A	0.9812	366.4690	-364.1830	0.0457	3.3129	-56.2392	-1688.4092	1719.0009	-5.5532	-31.2007	
1JBS_A_K113A	-1.2766	424.6229	-416.4544	0.2030	7.0949	-56.2392	-1688.4092	1719.0009	-5.5532	-31.2007	
1JBS_A_K42A	2.6626	459.9326	-453.7975	0.3761	9.1738	-56.2392	-1688.4092	1719.0009	-5.5532	-31.2007	
1JBS_A_Q141A	1.0930	14.9595	-16.6142	0.0906	-0.4711	-56.2392	-1688.4092	1719.0009	-5.5532	-31.2007	
1JBS_A_R65A	-2.9722	343.1829	-331.7244	0.4783	8.9646	-56.2392	-1688.4092	1719.0009	-5.5532	-31.2007	
1JBS_A_T52A	1.8121	3.8184	-4.1523	0.1039	1.5821	-56.2392	-1688.4092	1719.0009	-5.5532	-31.2007	
1JBS_A_Y47F	0.1554	-3.3942	2.9642	0.0377	-0.2369	-56.2392	-1688.4092	1719.0009	-5.5532	-31.2007	
1LBG_A_D149A	28.8119	-187.0081	213.6423	-1.4023	54.0438	-42.8185	-787.6725	894.5652	-6.4385	57.6357	
1LBG_A_D149C	28.0050	-184.5355	211.1738	-1.4048	53.2385	-42.8185	-787.6725	894.5652	-6.4385	57.6357	
1LBG_A_D149E	27.1914	75.3432	-45.5031	-1.4080	55.6235	-42.8185	-787.6725	894.5652	-6.4385	57.6357	
1LBG_A_D149N	27.8917	-183.1535	209.8657	-1.4060	53.1979	-42.8185	-787.6725	894.5652	-6.4385	57.6357	
1LBG_A_D149Q	27.1012	-181.4738	208.2494	-1.4010	52.4758	-42.8185	-787.6725	894.5652	-6.4385	57.6357	
1LBG_A_D149S	26.1189	-183.8723	210.4880	-1.4140	51.3206	-42.8185	-787.6725	894.5652	-6.4385	57.6357	
1LBG_A_D149T	29.1204	-189.4269	216.0185	-1.4014	54.3106	-42.8185	-787.6725	894.5652	-6.4385	57.6357	
1LBG_A_D278A	28.6383	-134.6440	161.9175	-1.4033	54.5085	-42.8185	-787.6725	894.5652	-6.4385	57.6357	
1LBG_A_D278E	28.2258	83.9814	-53.9896	-1.4046	56.8130	-42.8185	-787.6725	894.5652	-6.4385	57.6357	
1LBG_A_D278H	27.4044	-132.7435	160.1194	-1.3977	53.3826	-42.8185	-787.6725	894.5652	-6.4385	57.6357	
1LBG_A_D278K	28.0847	-360.9209	385.4623	-1.3955	51.2306	-42.8185	-787.6725	894.5652	-6.4385	57.6357	
1LBG_A_D278L	28.3644	-135.3070	162.5840	-1.4045	54.2369	-42.8185	-787.6725	894.5652	-6.4385	57.6357	
1LBG_A_D278N	27.9067	-137.3862	164.6202	-1.4059	53.7348	-42.8185	-787.6725	894.5652	-6.4385	57.6357	
1LBG_A_H74A	28.2383	90.4228	-60.3517	-1.3996	56.9098	-42.8185	-787.6725	894.5652	-6.4385	57.6357	
1LBG_A_H74D	28.0181	340.4523	-307.2628	-1.4053	59.8023	-42.8185	-787.6725	894.5652	-6.4385	57.6357	
1LBG_A_H74F	28.1356	91.0301	-60.9144	-1.4050	56.8463	-42.8185	-787.6725	894.5652	-6.4385	57.6357	
1LBG_A_H74L	28.0660	91.0090	-60.9297	-1.4052	56.7401	-42.8185	-787.6725	894.5652	-6.4385	57.6357	
1LBG_A_H74W	28.1357	91.8805	-61.7493	-1.4050	56.8619	-42.8185	-787.6725	894.5652	-6.4385	57.6357	
1LBG_A_L251A	28.3704	87.2107	-57.1779	-1.4044	56.9988	-42.8185	-787.6725	894.5652	-6.4385	57.6357	
1LBG_A_Q60G	26.8600	107.1626	-77.3515	-1.3972	55.2739	-42.8185	-787.6725	894.5652	-6.4385	57.6357	
1LBG_A_Q60P	26.7919	97.9061	-68.1468	-1.3969	55.1543	-42.8185	-787.6725	894.5652	-6.4385	57.6357	
1LBG_A_S193A	28.1795	87.2162	-57.1611	-1.4045	56.8301	-42.8185	-787.6725	894.5652	-6.4385	57.6357	
1LBG_A_S193C	28.0145	86.7686	-56.7530	-1.4053	56.6248	-42.8185	-787.6725	894.5652	-6.4385	57.6357	
1LBG_A_V52A	28.8178	91.8858	-66.4194	-1.3756	52.9086	-42.8185	-787.6725	894.5652	-6.4385	57.6357	
1LBG_A_V52C	28.4080	84.7908	-59.6641	-1.3788	52.1559	-42.8185	-787.6725	894.5652	-6.4385	57.6357	
1LBG_A_V52F	27.7936	92.1356	-66.5881	-1.3752	51.9659	-42.8185	-787.6725	894.5652	-6.4385	57.6357	
1LBG_A_V52G	28.3165	89.9271	-64.6306	-1.3871	52.2259	-42.8185	-787.6725	894.5652	-6.4385	57.6357	
1LBG_A_V52H	28.5420	100.6235	-75.2515	-1.3797	52.5343	-42.8185	-787.6725	894.5652	-6.4385	57.6357	
1LBG_A_V52L	28.6450	92.7986	-67.4147	-1.3744	52.6545	-42.8185	-787.6725	894.5652	-6.4385	57.6357	
1LBG_A_V52P	29.2468	106.8909	-78.9500	-1.3949	55.7928	-42.8185	-787.6725	894.5652	-6.4385	57.6357	
1LBG_A_V52Q	27.2832	94.2646	-67.8437	-1.4001	52.3040	-42.8185	-787.6725	894.5652	-6.4385	57.6357	
1LBG_A_V52S	28.6548	92.9699	-67.5903	-1.3830	52.6514	-42.8185	-787.6725	894.5652	-6.4385	57.6357	
1LBG_A_V52T	28.1724	86.9457	-61.8402	-1.3823	51.8956	-42.8185	-787.6725	894.5652	-6.4385	57.6357	
1LBG_A_V52W	28.5713	97.4746	-71.9508	-1.3753	52.7198	-42.8185	-787.6725	894.5652	-6.4385	57.6357	
1LMB_4_A49V	-0.9755	-1.0316	0.7675	-0.0885	-1.3281	-91.2632	-1779.5468	1813.2183	-9.4339	-67.0256	
1LMB_4_K4Q	0.8241	731.2243	-714.8653	0.0931	17.2762	-91.2632	-1779.5468	1813.2183	-9.4339	-67.0256	
1LMB_4_Q33S	2.5681	2.9630	5.1978	0.2164	10.9453	-91.2632	-1779.5468	1813.2183	-9.4339	-67.0256	
1LMB_4_Q33Y	2.2689	6.9045	5.8170	0.1430	15.1334	-91.2632	-1779.5468	1813.2183	-9.4339	-67.0256	
1LMB_4_Q44S	2.9626	1.5776	4.4992	0.3488	9.3882	-91.2632	-1779.5468	1813.2183	-9.4339	-67.0256	
1LMB_4_Q44Y	5.9593	-9.8035	14.5515	0.1950	10.9023	-91.2632	-1779.5468	1813.2183	-9.4339	-67.0256	
1MSE_C_C130I	1.4492	57.6418	-27.7632	0.0171	31.3449	-137.5117	-5743.5013	5726.7911	-14.6259	-168.8478	
1MSE_C_E141A	1.9106	-231.9394	257.5771	0.0107	27.5590	-137.5117	-5743.5013	5726.7911	-14.6259	-168.8478	
1MSE_C_E141G	1.9658	-232.0315	257.6346	0.0162	27.5851	-137.5117	-5743.5013	5726.7911	-14.6259	-168.8478	
1MSE_C_H121L	1.5449	59.2356	-29.2806	0.0121	31.5120	-137.5117	-5743.5013	5726.7911	-14.6259	-168.8478	
1MSE_C_K128M	1.6296	589.1689	-553.8747	0.2512	37.1750	-137.5117	-5743.5013	5726.7911	-14.6259	-168.8478	
1MSE_C_N139A	1.6389	67.7859	-37.8350	0.0111	31.6009	-137.5117	-5743.5013	5726.7911	-14.6259	-168.8478	
1MSE_C_N139G	1.6634	67.6257	-37.5912	0.0110	31.7089	-137.5117	-5743.5013	5726.7911	-14.6259	-168.8478	
1MSE_C_P140A	1.5605	54.6557	-24.7328	0.0136	31.4970	-137.5117	-5743.5013	5726.7911	-14.6259	-168.8478	
1MSE_C_P140G	1.5587	54.5795	-24.6398	0.0135	31.5119	-137.5117	-5743.5013	5726.7911	-14.6259	-168.8478	
1MSE_C_S116A	2.0429	55.5306	-28.1452	0.0230	29.4513	-137.5117	-5743.5013	5726.7911	-14.6259	-168.8478	
1MSE_C_S187A	3.7322	55.4750	-26.4860	0.1770	32.8982	-137.5117	-5743.5013	5726.7911	-14.6259	-168.8478	
1MSE_C_S187G	5.3304	58.1298	-29.0626	0.2679	34.6655	-137.5117	-5743.5013	5726.7911	-14.6259	-168.8478	
1MSE_C_V103I	1.5004	55.8907	-25.9288	0.0133	31.4756	-137.5117	-5743.5013	5726.7911	-14.6259	-168.8478	
1MSE_C_V107H	1.5452	64.3650	-34.2227	0.0117	31.6992	-137.5117	-5743.5013	5726.7911	-14.6259	-168.8478	
1MSE_C_V117E	1.2687	337.1903	-302.9644	0.0134	35.5080	-137.5117	-5743.5013	5726.7911	-14.6259	-168.8478	
1PUF_A_P211N	-1.9179	-49.6426	52.2889	-0.5523	0.1761	-139.3033	-9461.3452	9398.1949	-12.3427	-214.7963	
1PUF_A_R206S	7.3514	666.9354	-661.2472	0.3364	13.3760	-139.3033	-9461.3452	9398.1949	-12.3427	-214.7963	
1PUF_A_T217V	-2.7567	-73.5283	73.7633	-0.3936	-2.9153	-139.3033	-9461.3452	9398.1949	-12.3427	-214.7963	
1PUF_A_Y212F	-2.0179	-56.1594	65.4908	-0.3890	6.9245	-139.3033	-9461.3452	9398.1949	-12.3427	-214.7963	
1QFQ_B_D2N	-4.2361	-345.2858	349.9939	-0.2279	0.2441	-33.3418	-2543.9423	2568.2662	-5.8504	-14.8683	
1QFQ_B_E9L	-3.2280	-296.7565	300.0772	-0.0363	0.0564	-33.3418	-2543.9423	2568.2662	-5.8504	-14.8683	
1QFQ_B_Q4K	-4.9978	-391.0623	395.1814	-0.0470	-0.9257	-33.3418	-2543.9423	2568.2662	-5.8504	-14.8683	
1QFQ_B_R11K	-3.1637	83.1211	-81.2438	0.4273	-0.8591	-33.3418	-2543.9423	2568.2662	-5.8504	-14.8683	
1QFQ_B_R7A	-2.8552	496.9614	-472.1009	0.0552	22.0605	-33.3418	-2543.9423	2568.2662	-5.8504	-14.8683	
1QFQ_B_R8H	-4.4099	478.0688	-455.1985	-0.0289	18.4315	-33.3418	-2543.9423	2568.2662	-5.8504	-14.8683	
1QZG_A_D64A	-1.2063	-140.0946	150.9280	-0.1271	9.5000	-60.6033	-445.6595	465.0639	-5.7816	-46.9805	
1QZG_A_L122A	3.1591	1.4493	-2.4055	0.1742	2.3771	-60.6033	-445.6595	465.0639	-5.7816	-46.9805	
1QZG_A_Q91A	0.1589	0.9870	-1.1890	-0.0012	-0.0443	-60.6033	-445.6595	465.0639	-5.7816	-46.9805	
1QZG_A_S123A	-1.0237	0.6399	1.0880	-0.0014	0.7028	-60.6033	-445.6595	465.0639	-5.7816	-46.9805	
1QZG_A_T62A	-1.0393	-1.4032	2.3542	-0.0159	-0.1042	-60.6033	-445.6595	465.0639	-5.7816	-46.9805	
1QZG_A_V97A	0.1839	0.4566	-0.7080	-0.0014	-0.0689	-60.6033	-445.6595	465.0639	-5.7816	-46.9805	
1QZG_A_Y115A	0.8315	-1.5410	0.6773	-0.0019	-0.0341	-60.6033	-445.6595	465.0639	-5.7816	-46.9805	
1RUN_A_D138A	-0.7788	-772.5875	760.9382	0.0238	-12.4043	-42.6184	-2175.9052	2241.9242	-7.0156	16.3850	
1RUN_A_D138G	-0.9807	-772.9596	760.3571	0.0746	-13.5086	-42.6184	-2175.9052	2241.9242	-7.0156	16.3850	
1RUN_A_D138K	-0.8486	-1516.6072	1496.9203	-0.0227	-20.5582	-42.6184	-2175.9052	2241.9242	-7.0156	16.3850	
1RUN_A_D138L	-2.0860	-770.0944	761.0536	-0.1647	-11.2915	-42.6184	-2175.9052	2241.9242	-7.0156	16.3850	
1RUN_A_D138Q	-2.3179	-758.8901	749.2513	-0.1749	-12.1316	-42.6184	-2175.9052	2241.9242	-7.0156	16.3850	
1RUN_A_D138S	-0.7447	-778.2067	766.7655	-0.0217	-12.2076	-42.6184	-2175.9052	2241.9242	-7.0156	16.3850	
1RUN_A_D138T	0.4504	-771.8605	761.8303	-0.0347	-9.6145	-42.6184	-2175.9052	2241.9242	-7.0156	16.3850	
1RUN_A_D138V	-1.4140	-770.7004	758.9648	-0.0235	-13.1731	-42.6184	-2175.9052	2241.9242	-7.0156	16.3850	
1RUN_A_D53H	0.0432	-696.5227	687.8709	-0.0002	-8.6088	-42.6184	-2175.9052	2241.9242	-7.0156	16.3850	
1RUN_A_E181A	-2.3825	-882.4927	869.6276	0.3749	-14.8727	-42.6184	-2175.9052	2241.9242	-7.0156	16.3850	
1RUN_A_G141Q	-0.0991	-1.6298	1.8558	0.0001	0.1270	-42.6184	-2175.9052	2241.9242	-7.0156	16.3850	
1RUN_A_H159L	-0.4258	-4.2480	3.8069	-0.0017	-0.8686	-42.6184	-2175.9052	2241.9242	-7.0156	16.3850	
1RUN_A_K52N	-0.4627	611.5812	-604.4062	-0.0041	6.7082	-42.6184	-2175.9052	2241.9242	-7.0156	16.3850	
1RUN_A_L148R	-0.0088	-546.0439	539.2333	0.0002	-6.8192	-42.6184	-2175.9052	2241.9242	-7.0156	16.3850	
1RUN_A_S62F	0.0028	-5.7406	5.6576	-0.0001	-0.0803	-42.6184	-2175.9052	2241.9242	-7.0156	16.3850	
1RUN_A_T127L	0.0150	-0.6743	0.6594	-0.0001	0.0000	-42.6184	-2175.9052	2241.9242	-7.0156	16.3850	
1RUN_A_Y99A	0.0008	0.8889	-0.8764	0.0000	0.0133	-42.6184	-2175.9052	2241.9242	-7.0156	16.3850	
1RUN_A_Y99F	-0.4972	-0.7485	0.3481	-0.0021	-0.8997	-42.6184	-2175.9052	2241.9242	-7.0156	16.3850	
1TN9_A_F38A	7.7332	-5.5234	4.0787	0.4669	6.7554	-82.7560	-3220.1988	3300.5990	-10.1138	-12.4696	
1TN9_A_K21A	8.4121	565.3855	-564.4263	0.5213	9.8926	-82.7560	-3220.1988	3300.5990	-10.1138	-12.4696	
1TN9_A_K28A	6.2146	563.0022	-566.8356	0.5593	2.9405	-82.7560	-3220.1988	3300.5990	-10.1138	-12.4696	
1TN9_A_K54A	1.7018	520.3377	-506.8062	0.3621	15.5954	-82.7560	-3220.1988	3300.5990	-10.1138	-12.4696	
1TN9_A_L26A	5.4387	-5.7278	5.9352	0.0755	5.7216	-82.7560	-3220.1988	3300.5990	-10.1138	-12.4696	
1TN9_A_R20A	6.2463	597.2563	-593.7309	0.5659	10.3376	-82.7560	-3220.1988	3300.5990	-10.1138	-12.4696	
1TN9_A_R24A	0.0214	579.7418	-566.0272	0.3743	14.1103	-82.7560	-3220.1988	3300.5990	-10.1138	-12.4696	
1TN9_A_R55A	13.0576	520.2228	-521.0282	0.8271	13.0793	-82.7560	-3220.1988	3300.5990	-10.1138	-12.4696	
1TN9_A_R5A	5.5236	389.8847	-386.6485	0.2506	9.0104	-82.7560	-3220.1988	3300.5990	-10.1138	-12.4696	
1TN9_A_S18A	2.0053	10.3093	-3.0660	0.0711	9.3197	-82.7560	-3220.1988	3300.5990	-10.1138	-12.4696	
1TN9_A_T15A	5.5020	-4.9405	5.0965	0.0866	5.7446	-82.7560	-3220.1988	3300.5990	-10.1138	-12.4696	
1TN9_A_W42A	6.8411	-0.8753	0.6903	0.1327	6.7888	-82.7560	-3220.1988	3300.5990	-10.1138	-12.4696	
1TN9_A_Y40A	10.2749	-1.6707	-2.9412	0.4039	6.0669	-82.7560	-3220.1988	3300.5990	-10.1138	-12.4696	
1TRO_A_A77V	3.9796	-5.3790	5.9628	0.0141	4.5775	-82.7229	1346.5838	-1265.7082	-8.0632	-9.9105	
1TRO_A_E18K	0.0906	-1236.1415	1220.6439	-0.0284	-15.4354	-82.7229	1346.5838	-1265.7082	-8.0632	-9.9105	
1U0B_B_N351A	-15.4862	45.0714	-30.0602	0.1868	-0.2882	-190.6045	9235.4442	-8886.6985	-24.2352	133.9060	
1URN_A_E19A	-281.7675	-359.7346	328.3515	1.0049	-312.1457	176.6950	-2814.2237	2867.0561	-9.7893	219.7381	
1URN_A_K50A	-280.8803	519.2963	-548.2907	1.0557	-308.8190	176.6950	-2814.2237	2867.0561	-9.7893	219.7381	
1URN_A_M51A	-277.5239	38.2478	-75.6931	0.8909	-314.0783	176.6950	-2814.2237	2867.0561	-9.7893	219.7381	
1WNE_A_K18A	-1.1271	154.9822	-152.0839	0.0196	1.7908	-152.5349	329.3511	-99.3707	-16.6737	60.7718	
1WNE_A_K18E	-1.1517	308.8721	-303.9125	0.0170	3.8249	-152.5349	329.3511	-99.3707	-16.6737	60.7718	
1WNE_A_K20A	2.2877	269.2908	-270.3089	0.4803	1.7499	-152.5349	329.3511	-99.3707	-16.6737	60.7718	
1WNE_A_K20E	0.8770	483.8741	-480.0075	0.2407	4.9843	-152.5349	329.3511	-99.3707	-16.6737	60.7718	
1YVP_A_H187S	5.8564	14.6671	-11.1769	0.1066	9.4532	-177.7085	-3754.4425	3804.4971	-16.8295	-144.4834	
1YVP_A_K136A	1.3594	514.8457	-508.1932	0.2225	8.2344	-177.7085	-3754.4425	3804.4971	-16.8295	-144.4834	
1YVP_A_R184A	4.5914	485.6105	-478.0810	0.3599	12.4808	-177.7085	-3754.4425	3804.4971	-16.8295	-144.4834	
1ZDI_A_K43A	1.0223	318.7506	-314.9326	0.1338	4.9741	-45.0447	-598.5537	646.4300	-3.5301	-0.6985	
1ZDI_A_K57A	0.6919	351.4915	-348.2971	0.0965	3.9828	-45.0447	-598.5537	646.4300	-3.5301	-0.6985	
1ZDI_A_K61A	5.2764	369.1592	-368.6570	0.4861	6.2647	-45.0447	-598.5537	646.4300	-3.5301	-0.6985	
1ZDI_A_N55A	0.0817	-7.9886	7.6331	-0.0011	-0.2749	-45.0447	-598.5537	646.4300	-3.5301	-0.6985	
1ZDI_A_R49A	0.4919	296.4577	-294.5548	0.0328	2.4276	-45.0447	-598.5537	646.4300	-3.5301	-0.6985	
1ZDI_A_S52A	0.0287	4.6310	-4.6704	0.0026	-0.0081	-45.0447	-598.5537	646.4300	-3.5301	-0.6985	
1ZDI_A_Y85A	9.3431	-7.3807	-4.5135	0.5054	-2.0457	-45.0447	-598.5537	646.4300	-3.5301	-0.6985	
2A0I_A_D147A	-0.7517	-164.8629	163.2960	-0.0518	-2.3704	-194.1551	-893.7371	961.4930	-18.2330	-144.6322	
2A0I_A_D19A	-0.4534	-157.1008	155.8537	-0.0518	-1.7523	-194.1551	-893.7371	961.4930	-18.2330	-144.6322	
2A0I_A_E153A	0.0236	-214.1770	209.7205	-0.0489	-4.4818	-194.1551	-893.7371	961.4930	-18.2330	-144.6322	
2A0I_A_E187A	-1.4624	-154.2848	150.0292	0.1137	-5.6043	-194.1551	-893.7371	961.4930	-18.2330	-144.6322	
2A0I_A_H221A	1.7560	17.9440	-16.1791	0.1114	3.6323	-194.1551	-893.7371	961.4930	-18.2330	-144.6322	
2A0I_A_K220A	1.3137	212.1623	-210.8421	0.1075	2.7414	-194.1551	-893.7371	961.4930	-18.2330	-144.6322	
2A0I_A_K265A	0.3855	241.7081	-231.0370	0.0958	11.1524	-194.1551	-893.7371	961.4930	-18.2330	-144.6322	
2A0I_A_M223A	6.2558	-8.3896	9.3590	0.2479	7.4731	-194.1551	-893.7371	961.4930	-18.2330	-144.6322	
2A0I_A_Q155A	3.2460	-7.8722	10.1523	0.2146	5.7407	-194.1551	-893.7371	961.4930	-18.2330	-144.6322	
2A0I_A_R150A	0.0252	275.5918	-260.8168	0.2540	15.0542	-194.1551	-893.7371	961.4930	-18.2330	-144.6322	
2A0I_A_R237A	3.4623	267.1801	-245.5365	0.0108	25.1167	-194.1551	-893.7371	961.4930	-18.2330	-144.6322	
2A0I_A_R242A	4.3620	282.2675	-273.6788	0.3410	13.2917	-194.1551	-893.7371	961.4930	-18.2330	-144.6322	
2A0I_A_R254A	1.0373	263.3958	-255.2715	0.2202	9.3818	-194.1551	-893.7371	961.4930	-18.2330	-144.6322	
2A0I_A_R8A	0.2355	139.4651	-137.7877	-0.0281	1.8848	-194.1551	-893.7371	961.4930	-18.2330	-144.6322	
2A0I_A_S149A	-0.2087	0.5845	1.6038	-0.0370	1.9426	-194.1551	-893.7371	961.4930	-18.2330	-144.6322	
2A0I_A_S3A	0.9071	-0.4531	0.1075	0.0463	0.6078	-194.1551	-893.7371	961.4930	-18.2330	-144.6322	
2A0I_A_T148A	-0.2895	-11.8669	12.6183	-0.0503	0.4116	-194.1551	-893.7371	961.4930	-18.2330	-144.6322	
2A0I_A_T158A	-0.4113	-8.1716	8.8185	-0.0468	0.1888	-194.1551	-893.7371	961.4930	-18.2330	-144.6322	
2BX2_L_D303N	-0.7830	-88.3274	84.5979	0.0015	-4.5110	-33.1368	-282.6086	317.5256	-4.4027	-2.6225	
2BX2_L_D346N	-0.7560	-91.9032	88.0896	0.0013	-4.5683	-33.1368	-282.6086	317.5256	-4.4027	-2.6225	
2BX2_L_F57A	-0.7516	-3.6555	0.9648	0.0016	-3.4407	-33.1368	-282.6086	317.5256	-4.4027	-2.6225	
2BX2_L_F67A	-0.7810	-3.9723	1.2946	0.0013	-3.4574	-33.1368	-282.6086	317.5256	-4.4027	-2.6225	
2BX2_L_N305D	-0.7829	78.8723	-80.5251	0.0016	-2.4341	-33.1368	-282.6086	317.5256	-4.4027	-2.6225	
2BX2_L_N305L	-0.7820	-3.2687	0.5997	0.0015	-3.4495	-33.1368	-282.6086	317.5256	-4.4027	-2.6225	
2BX2_L_R373A	2.3881	215.4453	-215.1114	0.4163	3.1383	-33.1368	-282.6086	317.5256	-4.4027	-2.6225	
2BX2_L_R373D	2.2989	380.2638	-377.7962	0.4172	5.1837	-33.1368	-282.6086	317.5256	-4.4027	-2.6225	
2ERR_A_F126A	12.4469	3.6873	-4.9152	0.5629	11.7819	-115.7653	-547.1473	587.6202	-9.5424	-84.8348	
2ERR_A_F126H	1.2458	-2.2231	4.0059	0.1005	3.1291	-115.7653	-547.1473	587.6202	-9.5424	-84.8348	
2ERR_A_F126I	13.5272	2.6912	-3.2512	0.3008	13.2680	-115.7653	-547.1473	587.6202	-9.5424	-84.8348	
2ERR_A_F126L	11.4042	2.5776	-2.8962	0.1039	11.1895	-115.7653	-547.1473	587.6202	-9.5424	-84.8348	
2ERR_A_F126R	4.1010	-173.4115	180.6227	-0.1695	11.1427	-115.7653	-547.1473	587.6202	-9.5424	-84.8348	
2ERR_A_F126W	2.7002	-0.1171	2.8762	0.0477	5.5070	-115.7653	-547.1473	587.6202	-9.5424	-84.8348	
2ERR_A_F126Y	1.8134	4.1728	1.1883	0.0654	7.2399	-115.7653	-547.1473	587.6202	-9.5424	-84.8348	
2ERR_A_F158A	5.5104	1.5041	-4.5924	0.2892	2.7113	-115.7653	-547.1473	587.6202	-9.5424	-84.8348	
2ERR_A_F160A	7.2138	1.5772	-3.0378	0.0518	5.8050	-115.7653	-547.1473	587.6202	-9.5424	-84.8348	
2ERR_A_H120A	5.8613	8.6872	-9.4258	0.1177	5.2404	-115.7653	-547.1473	587.6202	-9.5424	-84.8348	
2I05_A_H144A	0.8023	18.9804	-19.6203	0.0429	0.2053	-283.9410	-6372.3520	6549.8657	-25.9698	-132.3971	
2I05_A_R198A	7.0133	482.8334	-481.2213	0.7338	9.3592	-283.9410	-6372.3520	6549.8657	-25.9698	-132.3971	
2IX1_A_E390A	3.9031	-237.9011	235.9128	0.1628	2.0776	-222.4044	1512.8055	-1205.9586	-20.2393	64.2032	
2IX1_A_E542A	1.5456	-276.0019	267.6680	0.1937	-6.5946	-222.4044	1512.8055	-1205.9586	-20.2393	64.2032	
2IX1_A_F358A	4.0353	-28.7131	24.1047	0.5219	-0.0512	-222.4044	1512.8055	-1205.9586	-20.2393	64.2032	
2IX1_A_R500A	3.4887	304.0555	-281.3340	0.4801	26.6903	-222.4044	1512.8055	-1205.9586	-20.2393	64.2032	
2IX1_A_Y253A	7.0447	-22.0451	20.6153	0.1538	5.7687	-222.4044	1512.8055	-1205.9586	-20.2393	64.2032	
2IX1_A_Y313A	1.4325	-19.4554	21.1968	0.1971	3.3710	-222.4044	1512.8055	-1205.9586	-20.2393	64.2032	
2KXN_B_I195A	-2.2050	33.7352	-4.8161	0.0988	26.8129	-95.3152	-594.2684	640.4547	-8.3694	-57.4983	
2KXN_B_P199A	-1.0256	33.8652	-4.7279	-0.0544	28.0573	-95.3152	-594.2684	640.4547	-8.3694	-57.4983	
2KXN_B_R111A	2.1644	241.2251	-204.8068	0.3962	38.9789	-95.3152	-594.2684	640.4547	-8.3694	-57.4983	
2KXN_B_S194A	-3.5492	37.3332	-3.1932	-0.0326	30.5582	-95.3152	-594.2684	640.4547	-8.3694	-57.4983	
2KXN_B_T196A	0.0273	36.4158	-8.1180	0.0858	28.4109	-95.3152	-594.2684	640.4547	-8.3694	-57.4983	
2KXN_B_V137A	-0.9843	32.7696	-3.4808	-0.0035	28.3010	-95.3152	-594.2684	640.4547	-8.3694	-57.4983	
2KXN_B_Y165F	-1.3927	27.2681	-1.0955	-0.0420	24.7379	-95.3152	-594.2684	640.4547	-8.3694	-57.4983	
2M8D_B_D136A	-2.0419	-145.8798	150.7591	-0.0363	2.8011	-80.9865	-740.8147	777.1895	-8.0253	-52.6370	
2M8D_B_D139A	-1.4254	-121.1450	137.0272	0.1617	14.6185	-80.9865	-740.8147	777.1895	-8.0253	-52.6370	
2M8D_B_K138A	-0.5878	130.6048	-119.5550	0.0768	10.5388	-80.9865	-740.8147	777.1895	-8.0253	-52.6370	
2M8D_B_Q135A	8.6981	-3.1753	11.1483	0.0966	16.7677	-80.9865	-740.8147	777.1895	-8.0253	-52.6370	
2M8D_B_S133A	-1.3669	-13.6673	23.0058	-0.0391	7.9325	-80.9865	-740.8147	777.1895	-8.0253	-52.6370	
2M8D_B_W134F	0.6541	-14.8087	22.1762	-0.2768	7.7448	-80.9865	-740.8147	777.1895	-8.0253	-52.6370	
2MXF_A_K102A	1.3789	456.1259	-447.6963	0.3114	10.1199	-87.8427	-2637.3078	2632.2380	-8.3049	-101.2174	
2MXF_A_K105A	3.7503	532.0503	-520.3419	0.4139	15.8726	-87.8427	-2637.3078	2632.2380	-8.3049	-101.2174	
2MXF_A_K108A	2.9977	552.0769	-535.6453	0.4995	19.9288	-87.8427	-2637.3078	2632.2380	-8.3049	-101.2174	
2MXF_A_K81A	3.8939	480.2422	-470.6890	0.3410	13.7881	-87.8427	-2637.3078	2632.2380	-8.3049	-101.2174	
2MXF_A_K97A	1.7427	521.1539	-509.5766	0.3384	13.6584	-87.8427	-2637.3078	2632.2380	-8.3049	-101.2174	
2MXF_A_N100A	5.4589	31.4444	-32.0573	0.3148	5.1608	-87.8427	-2637.3078	2632.2380	-8.3049	-101.2174	
2MXF_A_R80A	10.5386	604.9618	-591.0967	0.9005	25.3042	-87.8427	-2637.3078	2632.2380	-8.3049	-101.2174	
2PJP_A_D511A	0.2198	-384.0373	378.9509	0.0328	-4.8338	-58.0456	-1075.4455	1076.9542	-6.8979	-63.4348	
2PJP_A_R510A	5.3951	407.5470	-403.0823	0.4936	10.3534	-58.0456	-1075.4455	1076.9542	-6.8979	-63.4348	
2PJP_A_V509A	-0.2317	-8.9453	10.1935	0.0060	1.0225	-58.0456	-1075.4455	1076.9542	-6.8979	-63.4348	
2PJP_A_W508A	7.6960	4.7721	-6.0508	0.3596	6.7769	-58.0456	-1075.4455	1076.9542	-6.8979	-63.4348	
2VS7_A_D21A	2.5859	-852.0232	823.0462	-0.1318	-26.5229	-276.5703	-9356.4183	9492.1705	-23.6239	-164.4420	
2VS7_A_E117A	0.9893	-883.2286	840.1171	-0.1234	-42.2456	-276.5703	-9356.4183	9492.1705	-23.6239	-164.4420	
2VS7_A_K120M	-2.7720	681.4237	-672.8239	-0.2624	5.5654	-276.5703	-9356.4183	9492.1705	-23.6239	-164.4420	
2VYE_A_K50A	0.0145	59.0508	-58.3013	0.0000	0.7640	2.4575	215.8131	-198.0700	-1.4483	18.7523	
2VYE_A_R117A	0.0204	67.7655	-66.8991	0.0001	0.8869	2.4575	215.8131	-198.0700	-1.4483	18.7523	
2VYE_A_R120A	0.0175	72.7155	-71.7935	0.0001	0.9396	2.4575	215.8131	-198.0700	-1.4483	18.7523	
2VYE_A_R145A	0.0113	58.2512	-57.5089	0.0001	0.7537	2.4575	215.8131	-198.0700	-1.4483	18.7523	
2VYE_A_R330A	0.2006	254.5624	-251.0239	0.3615	4.1006	2.4575	215.8131	-198.0700	-1.4483	18.7523	
2VYE_A_R332A	1.4435	237.4976	-238.1516	0.4203	1.2098	2.4575	215.8131	-198.0700	-1.4483	18.7523	
2VYE_A_R344A	-0.0112	103.6192	-102.3527	0.0004	1.2557	2.4575	215.8131	-198.0700	-1.4483	18.7523	
2XRO_A_Q51A	-0.2975	-11.2482	4.7230	0.3756	-6.4471	-56.2355	-1309.4481	1371.6613	-6.6474	-0.6697	
2XS2_A_P39A	0.7004	-64.1333	63.1318	-0.4057	-0.7068	-83.2207	-772.4892	829.1233	-7.1789	-33.7655	
2Y8W_A_E24A	-0.2943	-263.3741	265.6061	-0.0211	1.9166	-167.2110	-4805.3483	4803.9526	-16.2265	-184.8332	
2Y8W_A_E38A	-0.2087	-253.7970	251.3335	0.2116	-2.4606	-167.2110	-4805.3483	4803.9526	-16.2265	-184.8332	
2Y8W_A_N102A	0.5037	-11.5302	15.0575	0.0327	4.0637	-167.2110	-4805.3483	4803.9526	-16.2265	-184.8332	
2Y8W_A_R27A	8.1068	340.4846	-323.5852	0.4025	25.4087	-167.2110	-4805.3483	4803.9526	-16.2265	-184.8332	
2Y8W_A_S34A	-0.0352	-1.6505	-1.1633	0.0421	-2.8069	-167.2110	-4805.3483	4803.9526	-16.2265	-184.8332	
2ZI0_A_P41A	-0.3549	-6.1638	-0.3077	0.3963	-6.4301	-95.6674	-7356.0526	7334.9662	-10.9230	-127.6768	
2ZI0_A_W50A	6.2787	0.8923	-8.5858	0.6242	-0.7906	-95.6674	-7356.0526	7334.9662	-10.9230	-127.6768	
2ZI0_A_W50R	695.3565	-544.4712	560.0436	-0.0659	710.8630	-95.6674	-7356.0526	7334.9662	-10.9230	-127.6768	
2ZKO_A_R37A	0.6732	630.3599	-623.5450	-0.0064	7.4817	-78.1513	-2124.5015	2164.8256	-6.3942	-44.2214	
2ZKO_A_R44A	0.0039	541.8896	-536.3129	-0.0054	5.5752	-78.1513	-2124.5015	2164.8256	-6.3942	-44.2214	
2ZKO_A_S42A	1.0477	8.6858	-11.0616	0.0712	-1.2569	-78.1513	-2124.5015	2164.8256	-6.3942	-44.2214	
2ZKO_A_T49A	2.3238	2.6076	-5.9076	0.2716	-0.7046	-78.1513	-2124.5015	2164.8256	-6.3942	-44.2214	
2ZZM_A_D223A	-0.0596	-750.5960	741.2927	0.0003	-9.3626	-253.2908	-9217.6311	9357.2710	-22.2068	-135.8577	
2ZZM_A_K137A	-0.0667	746.9932	-737.6897	-0.0054	9.2314	-253.2908	-9217.6311	9357.2710	-22.2068	-135.8577	
2ZZM_A_N265A	0.1670	-1.7522	-0.1360	0.0648	-1.6564	-253.2908	-9217.6311	9357.2710	-22.2068	-135.8577	
2ZZM_A_P267A	2.6751	-2.5046	1.6525	0.1327	1.9557	-253.2908	-9217.6311	9357.2710	-22.2068	-135.8577	
2ZZM_A_R145A	0.0605	846.5028	-828.8146	0.1563	17.9050	-253.2908	-9217.6311	9357.2710	-22.2068	-135.8577	
2ZZM_A_R181A	6.8015	1333.7721	-1305.2677	0.6781	35.9840	-253.2908	-9217.6311	9357.2710	-22.2068	-135.8577	
2ZZM_A_R186A	-0.6199	1020.2773	-1006.4236	-0.0153	13.2185	-253.2908	-9217.6311	9357.2710	-22.2068	-135.8577	
2ZZM_A_Y177A	2.5738	-6.8162	-2.9371	0.3788	-6.8007	-253.2908	-9217.6311	9357.2710	-22.2068	-135.8577	
2ZZN_A_D223A	-0.0622	-654.7230	646.6118	0.0009	-8.1725	-222.2928	-14237.3631	14319.5941	-21.8518	-161.9136	
2ZZN_A_D223E	-0.3398	10.6854	-9.3947	-0.0078	0.9431	-222.2928	-14237.3631	14319.5941	-21.8518	-161.9136	
2ZZN_A_E185D	-0.0109	7.1231	-6.4077	0.0012	0.7057	-222.2928	-14237.3631	14319.5941	-21.8518	-161.9136	
2ZZN_A_E185Q	0.0743	-843.2314	833.1748	0.0066	-9.9757	-222.2928	-14237.3631	14319.5941	-21.8518	-161.9136	
2ZZN_A_K137A	0.0064	657.8748	-649.7561	0.0001	8.1252	-222.2928	-14237.3631	14319.5941	-21.8518	-161.9136	
2ZZN_A_K318A	0.9447	1028.8175	-1010.0909	0.4017	20.0730	-222.2928	-14237.3631	14319.5941	-21.8518	-161.9136	
2ZZN_A_N265A	0.8983	-0.1384	0.6705	0.0911	1.5215	-222.2928	-14237.3631	14319.5941	-21.8518	-161.9136	
2ZZN_A_N265H	-0.2380	-6.4908	7.6772	0.0098	0.9582	-222.2928	-14237.3631	14319.5941	-21.8518	-161.9136	
2ZZN_A_N265Q	-0.1116	17.8795	-15.6432	0.0183	2.1430	-222.2928	-14237.3631	14319.5941	-21.8518	-161.9136	
2ZZN_A_P267A	1.6305	-1.6644	1.1726	0.1038	1.2425	-222.2928	-14237.3631	14319.5941	-21.8518	-161.9136	
2ZZN_A_R145A	-0.2346	777.8092	-759.6694	0.1463	18.0515	-222.2928	-14237.3631	14319.5941	-21.8518	-161.9136	
2ZZN_A_R181A	6.9817	1172.7495	-1151.9571	0.8056	28.5797	-222.2928	-14237.3631	14319.5941	-21.8518	-161.9136	
2ZZN_A_R186A	-0.1083	911.3272	-899.0001	-0.0105	12.2083	-222.2928	-14237.3631	14319.5941	-21.8518	-161.9136	
2ZZN_A_Y177A	4.1923	3.5401	-6.9828	0.3696	1.1192	-222.2928	-14237.3631	14319.5941	-21.8518	-161.9136	
2ZZN_A_Y177F	1.5302	2.0822	-3.7182	0.0239	-0.0819	-222.2928	-14237.3631	14319.5941	-21.8518	-161.9136	
3AM1_A_K123A	0.3677	516.5126	-510.7480	-0.0116	6.1207	-141.7559	-12656.2288	12619.0947	-14.3041	-193.1941	
3AM1_A_K165A	0.5347	624.5499	-617.3683	-0.0117	7.7046	-141.7559	-12656.2288	12619.0947	-14.3041	-193.1941	
3AM1_A_K207A	1.1706	946.4302	-935.7393	0.0030	11.8645	-141.7559	-12656.2288	12619.0947	-14.3041	-193.1941	
3AM1_A_K209A	0.9257	806.7081	-796.9471	-0.0050	10.6817	-141.7559	-12656.2288	12619.0947	-14.3041	-193.1941	
3AM1_A_K210A	0.8261	768.0146	-759.0149	-0.0084	9.8174	-141.7559	-12656.2288	12619.0947	-14.3041	-193.1941	
3AM1_A_K215A	1.1421	852.8444	-841.9913	0.0046	11.9998	-141.7559	-12656.2288	12619.0947	-14.3041	-193.1941	
3AM1_A_K22A	0.6708	542.3093	-536.0320	-0.0088	6.9393	-141.7559	-12656.2288	12619.0947	-14.3041	-193.1941	
3AM1_A_K26A	0.9145	497.7206	-491.8583	0.0051	6.7819	-141.7559	-12656.2288	12619.0947	-14.3041	-193.1941	
3AM1_A_K30A	0.8585	509.3432	-503.4627	-0.0091	6.7299	-141.7559	-12656.2288	12619.0947	-14.3041	-193.1941	
3AM1_A_N161A	0.8393	38.2936	-38.2924	-0.0085	0.8320	-141.7559	-12656.2288	12619.0947	-14.3041	-193.1941	
3EQT_A_E573A	0.1483	-283.3049	265.8538	0.2935	-17.0093	-74.1473	-2236.9295	2303.3888	-7.3805	-15.0685	
3EQT_A_I597S	4.7581	-3.7715	3.7050	0.2226	4.9142	-74.1473	-2236.9295	2303.3888	-7.3805	-15.0685	
3GPX_A_F114A	12.8542	-21.5991	16.6396	0.6931	8.5878	-128.2558	-3626.5767	3685.7818	-9.3566	-78.4073	
3GPX_A_M77A	4.0868	-24.7393	21.5580	0.3353	1.2408	-128.2558	-3626.5767	3685.7818	-9.3566	-78.4073	
3K5Q_A_H454A	7.0392	3.9516	-6.9416	0.4093	4.4585	-124.9871	-626.4473	683.2290	-12.9516	-81.1570	
3K5Q_A_R288A	10.8188	220.4359	-221.9450	0.8790	10.1887	-124.9871	-626.4473	683.2290	-12.9516	-81.1570	
3L25_A_K309A	3.1839	363.5164	-362.0165	0.4020	5.0858	-54.6117	-975.4880	1026.9122	-4.4845	-7.6720	
3L25_A_K319A	0.0318	146.0018	-143.9110	-0.0039	2.1187	-54.6117	-975.4880	1026.9122	-4.4845	-7.6720	
3L25_A_R305A	0.5198	290.3586	-287.9913	0.0512	2.9384	-54.6117	-975.4880	1026.9122	-4.4845	-7.6720	
3MOJ_B_G423A	9.4939	3.1872	-1.4095	0.1144	11.3860	-96.7222	-7913.0835	7906.6015	-8.6525	-111.8567	
3MOJ_B_Y407A	0.2563	1.2597	-2.0334	-0.0025	-0.5199	-96.7222	-7913.0835	7906.6015	-8.6525	-111.8567	
3NCI_A_L415A	-0.6391	-66.3426	66.4919	-0.0107	-0.5005	-231.3311	-546.2776	714.3596	-18.7660	-82.0151	
3NCI_A_L415G	-0.6224	-66.7230	66.8648	-0.0107	-0.4913	-231.3311	-546.2776	714.3596	-18.7660	-82.0151	
3NCI_A_L415M	-0.6814	-62.0629	62.2433	-0.0108	-0.5118	-231.3311	-546.2776	714.3596	-18.7660	-82.0151	
3NCI_A_L561A	1.1055	-65.7538	65.0400	0.1204	0.5121	-231.3311	-546.2776	714.3596	-18.7660	-82.0151	
3NCI_A_S565G	1.8904	-68.6670	68.1518	-0.0039	1.3713	-231.3311	-546.2776	714.3596	-18.7660	-82.0151	
3NCI_A_Y567A	3.5097	-70.5437	68.9459	0.2100	2.1219	-231.3311	-546.2776	714.3596	-18.7660	-82.0151	
3NGI_A_D714A	-0.0574	-227.3069	224.6104	-0.0031	-2.7570	-222.8936	-671.3263	830.8670	-18.5312	-81.8841	
3OD8_A_D45A	2.0515	-315.8177	309.8530	-0.0592	-3.9724	-60.1961	-1498.4351	1514.6890	-4.6337	-48.5759	
3OD8_A_Q40A	2.0486	-79.4876	76.4487	-0.0601	-1.0504	-60.1961	-1498.4351	1514.6890	-4.6337	-48.5759	
3OD8_A_V48A	4.3322	-81.4645	78.3647	0.0352	1.2676	-60.1961	-1498.4351	1514.6890	-4.6337	-48.5759	
3ODC_A_I154A	2.5772	16.1220	-15.9427	0.1538	2.9103	-58.4102	-1646.1817	1657.3030	-5.0766	-52.3655	
3ODC_A_L151A	4.2744	15.7055	-16.3031	0.3084	3.9852	-58.4102	-1646.1817	1657.3030	-5.0766	-52.3655	
3ODC_A_R122A	11.7709	451.0679	-449.1364	0.8494	14.5518	-58.4102	-1646.1817	1657.3030	-5.0766	-52.3655	
3ODC_A_R138A	-1.1040	382.5849	-357.5222	0.0422	24.0009	-58.4102	-1646.1817	1657.3030	-5.0766	-52.3655	
3OL6_A_K125A	-0.3325	587.3699	-580.9132	0.0156	6.1398	-229.7496	1574.8984	-1301.7883	-20.9546	22.4059	
3OL6_A_K126A	1.0974	713.6551	-707.6854	0.1192	7.1863	-229.7496	1574.8984	-1301.7883	-20.9546	22.4059	
3OL6_A_K133A	2.8288	970.9008	-956.7624	0.5432	17.5104	-229.7496	1574.8984	-1301.7883	-20.9546	22.4059	
3OL6_A_K314A	-0.3747	302.6075	-300.7876	0.0136	1.4588	-229.7496	1574.8984	-1301.7883	-20.9546	22.4059	
3OL6_A_K66A	-0.2177	353.8199	-350.0401	0.0154	3.5775	-229.7496	1574.8984	-1301.7883	-20.9546	22.4059	
3OL6_A_R128A	2.0812	887.4136	-876.4965	0.3259	13.3242	-229.7496	1574.8984	-1301.7883	-20.9546	22.4059	
3OL6_A_R188A	-3.3924	803.4122	-787.9569	0.2336	12.2965	-229.7496	1574.8984	-1301.7883	-20.9546	22.4059	
3OL6_A_Y118A	-0.1739	-9.0214	8.2175	0.0153	-0.9625	-229.7496	1574.8984	-1301.7883	-20.9546	22.4059	
3OL6_A_Y148A	-0.2775	-21.8774	20.7917	0.0148	-1.3484	-229.7496	1574.8984	-1301.7883	-20.9546	22.4059	
3OL6_A_Y14A	-0.2026	-11.8749	11.0447	0.0154	-1.0174	-229.7496	1574.8984	-1301.7883	-20.9546	22.4059	
3OL6_A_Y157A	5.0589	-13.1763	9.6145	0.3590	1.8561	-229.7496	1574.8984	-1301.7883	-20.9546	22.4059	
3OSF_A_F52A	1.1945	10.1258	-10.2559	-0.0018	1.0626	-118.2861	-4769.3939	4777.7224	-11.8988	-121.8564	
3OSF_A_K138A	3.2607	628.8424	-619.0709	0.5620	13.5942	-118.2861	-4769.3939	4777.7224	-11.8988	-121.8564	
3OSF_A_K49A	7.7540	663.0468	-651.0514	0.8375	20.5869	-118.2861	-4769.3939	4777.7224	-11.8988	-121.8564	
3OSF_A_K51A	2.3918	575.4579	-571.5782	0.5132	6.7847	-118.2861	-4769.3939	4777.7224	-11.8988	-121.8564	
3OSF_A_N139A	3.3669	17.2594	-13.6986	0.3607	7.2884	-118.2861	-4769.3939	4777.7224	-11.8988	-121.8564	
3OSF_A_R84A	6.4861	613.0743	-600.7433	0.6988	19.5159	-118.2861	-4769.3939	4777.7224	-11.8988	-121.8564	
3OSF_A_R87A	7.1072	557.1190	-550.0606	0.5935	14.7591	-118.2861	-4769.3939	4777.7224	-11.8988	-121.8564	
3OSG_A_F52A	1.2250	2.1934	-2.5677	0.0121	0.8628	-130.3892	-4625.1913	4643.8251	-12.0298	-123.7852	
3OSG_A_K138A	6.2632	576.2504	-571.0257	0.5608	12.0487	-130.3892	-4625.1913	4643.8251	-12.0298	-123.7852	
3OSG_A_K49A	8.2636	615.3364	-603.3262	0.8817	21.1555	-130.3892	-4625.1913	4643.8251	-12.0298	-123.7852	
3OSG_A_K51A	3.5075	534.3080	-529.7938	0.4009	8.4226	-130.3892	-4625.1913	4643.8251	-12.0298	-123.7852	
3OSG_A_N139A	3.4147	9.8653	-5.9231	0.3870	7.7439	-130.3892	-4625.1913	4643.8251	-12.0298	-123.7852	
3OSG_A_R87A	6.1876	470.2077	-467.7601	0.6010	9.2362	-130.3892	-4625.1913	4643.8251	-12.0298	-123.7852	
3PVV_A_K436A	13.6602	590.8800	-585.6081	0.8195	19.7516	-106.2041	-2459.5907	2485.6277	-9.0851	-89.2522	
3QMG_A_R213A	3.5566	532.7974	-525.4070	0.4788	11.4258	-55.1621	-3532.3411	3536.3456	-6.3279	-57.4855	
3QMG_A_Y216A	0.1183	-18.8044	16.0215	0.1215	-2.5431	-55.1621	-3532.3411	3536.3456	-6.3279	-57.4855	
3QSU_A_K33A	0.2535	55.6993	-55.3838	0.0014	0.5704	-45.4831	-1.6890	43.5189	-3.4421	-7.0953	
3RN2_A_F165A	0.0753	-3.3882	3.2951	0.0000	-0.0178	-32.9121	-7123.8775	7074.1542	-5.1948	-87.8302	
3RN2_A_K160A	0.2797	694.7090	-683.8812	0.3418	11.4493	-32.9121	-7123.8775	7074.1542	-5.1948	-87.8302	
3RN2_A_K198A	0.2166	640.9322	-632.1628	0.2467	9.2327	-32.9121	-7123.8775	7074.1542	-5.1948	-87.8302	
3RN2_A_K204A	1.4913	664.1740	-656.4429	0.2346	9.4570	-32.9121	-7123.8775	7074.1542	-5.1948	-87.8302	
3RN2_A_K251A	1.7063	633.4551	-626.2980	0.2472	9.1106	-32.9121	-7123.8775	7074.1542	-5.1948	-87.8302	
3RN2_A_K309A	1.8641	692.6744	-683.9748	0.3028	10.8665	-32.9121	-7123.8775	7074.1542	-5.1948	-87.8302	
3RN2_A_K335A	2.2911	699.7158	-691.4581	0.2917	10.8405	-32.9121	-7123.8775	7074.1542	-5.1948	-87.8302	
3RN2_A_R244A	0.5507	652.3878	-645.7380	0.3162	7.5167	-32.9121	-7123.8775	7074.1542	-5.1948	-87.8302	
3RN2_A_R311A	0.2258	680.0860	-664.8530	0.2848	15.7436	-32.9121	-7123.8775	7074.1542	-5.1948	-87.8302	
3RN5_A_K251A	0.1071	800.2600	-791.6831	0.0892	8.7732	-46.3094	-9418.5237	9358.2754	-4.9019	-111.4596	
3RNU_A_K627A	0.5167	529.0039	-523.8331	0.0561	5.7436	-19.2046	-3083.3739	3081.9491	-2.4348	-23.0642	
3RW6_A_E151A	3.3985	-998.9209	982.5704	0.2008	-12.7512	-163.2500	-4468.9247	4602.7932	-12.6231	-42.0046	
3SQ2_A_Y567A	2.9376	26.6803	-27.7034	0.2007	2.1152	-154.6651	-680.7000	809.6094	-14.9014	-40.6571	
3SZQ_A_F65A	4.3767	12.7664	-14.4956	0.3749	3.0224	-45.9161	-651.8296	676.2043	-4.3212	-25.8626	
3UFD_A_R46A	5.3857	1022.8632	-1011.1646	0.4821	17.5664	-84.1426	-2525.6822	2591.5177	-7.8865	-26.1936	
3UFD_A_S52A	1.3075	9.6595	-7.7176	0.0606	3.3100	-84.1426	-2525.6822	2591.5177	-7.8865	-26.1936	
3UFD_A_Y37A	6.6344	2.2362	-12.2385	0.2564	-3.1115	-84.1426	-2525.6822	2591.5177	-7.8865	-26.1936	
3UFD_A_Y37F	1.2748	2.5333	-7.9373	-0.0052	-4.1344	-84.1426	-2525.6822	2591.5177	-7.8865	-26.1936	
3UZS_A_H280A	4.1518	22.2046	-30.8526	0.3667	-4.1295	-71.3860	-222.7869	333.3093	-6.0978	33.0386	
3VOK_A_E70A	0.2317	-149.7399	146.8621	0.0107	-2.6354	-19.4335	473.1270	-439.3520	-1.5317	12.8098	
3VYX_A_H207A	0.0270	-0.9822	0.8186	-0.0093	-0.1459	-49.7244	-1775.8476	1802.9957	-4.4894	-27.0657	
3VYX_A_K182A	2.4560	422.0889	-417.6313	0.2952	7.2088	-49.7244	-1775.8476	1802.9957	-4.4894	-27.0657	
3VYY_A_N30A	-0.1742	15.6489	-16.2251	0.0873	-0.6631	-88.5832	-3405.2519	3447.8455	-7.6725	-53.6621	
3WPC_A_F108A	2.3192	9.9304	-17.5009	0.4241	-4.8272	-141.1897	-2453.0605	2594.5137	-13.0241	-12.7606	
3WPC_A_W47A	7.3682	13.0420	-23.9085	0.6932	-2.8051	-141.1897	-2453.0605	2594.5137	-13.0241	-12.7606	
3WPC_A_W96A	3.7778	20.1431	-25.4040	0.3803	-1.1028	-141.1897	-2453.0605	2594.5137	-13.0241	-12.7606	
3WPD_A_F108A	0.2315	4.5338	-3.8892	0.0025	0.8786	-94.4548	-1748.6895	1787.5939	-10.1458	-65.6962	
3WPD_A_W47A	0.2782	7.8084	-6.8468	0.0062	1.2460	-94.4548	-1748.6895	1787.5939	-10.1458	-65.6962	
3WPD_A_W96A	0.5206	11.8657	-11.6496	0.0096	0.7463	-94.4548	-1748.6895	1787.5939	-10.1458	-65.6962	
3WTS_A_V170A	2.7391	-13.9122	12.3606	0.2043	1.3918	-71.0393	-4539.2649	4497.1472	-7.1293	-120.2863	
3WTS_C_Y329A	0.1506	7.4825	-7.5297	0.0009	0.1043	-104.7653	-4684.0637	4697.2460	-9.2613	-100.8443	
4A15_A_D582N	-0.0994	-103.0209	102.3935	0.0077	-0.7191	-60.3349	-138.5987	178.3960	-4.2659	-24.8035	
4A15_A_E107A	0.0185	-21.7131	21.4270	0.0001	-0.2675	-60.3349	-138.5987	178.3960	-4.2659	-24.8035	
4A15_A_F133A	0.0000	0.1640	-0.1559	0.0000	0.0081	-60.3349	-138.5987	178.3960	-4.2659	-24.8035	
4A15_A_F326A	-0.0007	0.2001	-0.1917	0.0000	0.0077	-60.3349	-138.5987	178.3960	-4.2659	-24.8035	
4A15_A_K170A	-0.0012	19.4594	-19.1802	0.0000	0.2780	-60.3349	-138.5987	178.3960	-4.2659	-24.8035	
4A15_A_R59A	-0.0102	37.6385	-37.2183	0.0014	0.4114	-60.3349	-138.5987	178.3960	-4.2659	-24.8035	
4A15_A_R88H	-0.0036	20.7335	-20.4376	0.0000	0.2923	-60.3349	-138.5987	178.3960	-4.2659	-24.8035	
4A15_A_W549S	8.9020	-1.1696	-1.0090	0.2348	6.9582	-60.3349	-138.5987	178.3960	-4.2659	-24.8035	
4A15_A_Y166A	-0.0007	0.3425	-0.3325	0.0000	0.0093	-60.3349	-138.5987	178.3960	-4.2659	-24.8035	
4ATK_A_H209R	0.2237	-586.1223	590.2143	0.4195	4.7352	-30.6881	-3521.1304	3552.5233	-6.9973	-6.2925	
4ATK_A_I212L	4.9528	10.6284	-0.9470	0.2792	14.9134	-30.6881	-3521.1304	3552.5233	-6.9973	-6.2925	
4ATK_A_I212M	5.0840	16.3813	-5.0898	0.2738	16.6493	-30.6881	-3521.1304	3552.5233	-6.9973	-6.2925	
4ATK_A_I212N	5.0906	-1.7069	10.1436	0.3666	13.8939	-30.6881	-3521.1304	3552.5233	-6.9973	-6.2925	
4ATK_A_I212V	6.0635	13.2791	-4.5391	0.4744	15.2779	-30.6881	-3521.1304	3552.5233	-6.9973	-6.2925	
4B5F_A_N207A	1.7385	8.7297	-1.7438	-0.0094	8.7150	-119.2170	-1386.9752	1456.9436	-11.4070	-60.6556	
4B5F_A_R208A	13.0292	528.9578	-526.1122	0.7954	16.6702	-119.2170	-1386.9752	1456.9436	-11.4070	-60.6556	
4BNC_A_D387A	2.5092	-417.0227	407.2056	0.3949	-6.9130	-110.6005	-1431.1577	1497.7641	-10.4586	-54.4527	
4BNC_A_R391A	10.4542	464.9613	-461.4377	0.4517	14.4295	-110.6005	-1431.1577	1497.7641	-10.4586	-54.4527	
4BNC_A_R394A	8.5495	450.4964	-443.3522	0.5526	16.2463	-110.6005	-1431.1577	1497.7641	-10.4586	-54.4527	
4BNC_A_Y395F	1.5880	-16.6810	16.3155	0.0520	1.2745	-110.6005	-1431.1577	1497.7641	-10.4586	-54.4527	
4BXO_A_R1866A	-0.0025	192.9660	-190.5390	0.0000	2.4245	-1.0844	378.8178	-369.1880	0.0000	8.5454	
4BXO_B_K24A	0.2112	70.2632	-69.5723	0.0016	0.9037	-42.0304	-1065.7358	1071.1344	-3.5269	-40.1587	
4CH1_A_A110T	1.1959	-0.4567	1.4075	0.0071	2.1538	-76.6058	-610.1734	677.2637	-7.4255	-16.9410	
4CH1_A_E63K	0.3044	-179.3865	177.5728	-0.0274	-1.5367	-76.6058	-610.1734	677.2637	-7.4255	-16.9410	
4CH1_A_E63Q	0.7122	-86.3088	85.3078	0.0100	-0.2788	-76.6058	-610.1734	677.2637	-7.4255	-16.9410	
4CH1_A_G113E	-0.0413	138.2821	-133.6030	-0.4477	4.1901	-76.6058	-610.1734	677.2637	-7.4255	-16.9410	
4CH1_A_G40D	4.1009	177.3224	-165.3400	0.0114	16.0947	-76.6058	-610.1734	677.2637	-7.4255	-16.9410	
4CH1_A_H45A	0.5691	3.2123	-3.0007	-0.0096	0.7711	-76.6058	-610.1734	677.2637	-7.4255	-16.9410	
4CH1_A_K104M	0.4739	103.2681	-101.7298	-0.0065	2.0057	-76.6058	-610.1734	677.2637	-7.4255	-16.9410	
4CH1_A_K36E	-2.8893	341.6634	-328.3174	0.0524	10.5091	-76.6058	-610.1734	677.2637	-7.4255	-16.9410	
4CH1_A_K36M	-2.7970	181.5112	-174.1589	0.0826	4.6379	-76.6058	-610.1734	677.2637	-7.4255	-16.9410	
4CH1_A_K74M	0.0195	104.6297	-102.6262	-0.0851	1.9379	-76.6058	-610.1734	677.2637	-7.4255	-16.9410	
4CH1_A_N106A	3.1871	0.2958	-2.2616	0.2233	1.4446	-76.6058	-610.1734	677.2637	-7.4255	-16.9410	
4CH1_A_N108A	1.8493	-1.8506	2.1136	0.1326	2.2449	-76.6058	-610.1734	677.2637	-7.4255	-16.9410	
4CH1_A_N97A	0.6055	5.7067	-5.4512	-0.0099	0.8511	-76.6058	-610.1734	677.2637	-7.4255	-16.9410	
4CH1_A_R103M	4.1876	155.4072	-159.1269	0.3246	0.7925	-76.6058	-610.1734	677.2637	-7.4255	-16.9410	
4CH1_A_R76M	1.4643	186.0557	-183.9696	0.1292	3.6796	-76.6058	-610.1734	677.2637	-7.4255	-16.9410	
4CH1_A_Y44A	11.2618	3.9670	-6.9742	0.6947	8.9493	-76.6058	-610.1734	677.2637	-7.4255	-16.9410	
4CH1_A_Y44F	2.8001	1.4244	-2.3083	0.0895	2.0057	-76.6058	-610.1734	677.2637	-7.4255	-16.9410	
4CH1_A_Y78F	1.3070	2.8400	-2.9581	0.0444	1.2333	-76.6058	-610.1734	677.2637	-7.4255	-16.9410	
4CIO_A_A110T	-1.7112	-3.5102	4.7076	-0.0183	-0.5321	-75.7626	-469.8408	536.3999	-6.4176	-15.6211	
4CIO_A_G113E	3.5018	167.4218	-157.2424	-0.3056	13.3756	-75.7626	-469.8408	536.3999	-6.4176	-15.6211	
4CIO_A_H45A	-1.4164	2.0803	0.5730	-0.0386	1.1983	-75.7626	-469.8408	536.3999	-6.4176	-15.6211	
4CIO_A_K36E	-1.4371	297.8113	-289.5921	0.0857	6.8678	-75.7626	-469.8408	536.3999	-6.4176	-15.6211	
4CIO_A_K36M	-1.9420	174.9345	-167.3690	0.0664	5.6899	-75.7626	-469.8408	536.3999	-6.4176	-15.6211	
4CIO_A_K74M	-1.5655	117.7572	-113.6322	-0.0788	2.4807	-75.7626	-469.8408	536.3999	-6.4176	-15.6211	
4CIO_A_N106A	0.3949	10.3131	-8.3727	0.1829	2.5182	-75.7626	-469.8408	536.3999	-6.4176	-15.6211	
4CIO_A_N108A	-1.2701	-1.2839	3.6620	-0.0237	1.0843	-75.7626	-469.8408	536.3999	-6.4176	-15.6211	
4CIO_A_N97A	-1.3302	6.5512	-3.9979	-0.0379	1.1852	-75.7626	-469.8408	536.3999	-6.4176	-15.6211	
4CIO_A_R103M	2.2695	187.2654	-187.2984	0.2935	2.5300	-75.7626	-469.8408	536.3999	-6.4176	-15.6211	
4CIO_A_R76M	0.2061	198.2984	-195.2729	0.0981	3.3297	-75.7626	-469.8408	536.3999	-6.4176	-15.6211	
4CIO_A_Y44A	7.2966	15.4059	-13.9756	0.5740	9.3009	-75.7626	-469.8408	536.3999	-6.4176	-15.6211	
4CIO_A_Y44F	-1.9634	11.4709	-7.1789	-0.0861	2.2425	-75.7626	-469.8408	536.3999	-6.4176	-15.6211	
4CIO_A_Y78F	1.9033	0.3051	-1.9020	0.1287	0.4351	-75.7626	-469.8408	536.3999	-6.4176	-15.6211	
4DQI_A_E658A	-0.6752	-214.0494	247.0710	-0.0348	32.3116	-229.3999	-437.9268	520.7900	-18.4004	-164.9371	
4DQI_A_F710Y	-1.2715	61.0868	-23.1776	-0.0548	36.5829	-229.3999	-437.9268	520.7900	-18.4004	-164.9371	
4DU1_A_Y567A	3.4155	-8.8264	6.9902	0.2011	1.7804	-225.1664	-827.3031	990.1266	-18.9812	-81.3241	
4DU3_A_Y567A	1.1847	18.4632	-19.1232	0.0770	0.6017	-207.5281	-941.3902	1100.2388	-18.8507	-67.5302	
4ED5_A_N21A	124.2917	10.7389	25.8840	-0.1068	160.8078	-115.2417	-1895.9885	1960.2769	-13.9511	-64.9044	
4ED5_A_R136A	130.0806	329.8953	-296.7234	0.3499	163.6024	-115.2417	-1895.9885	1960.2769	-13.9511	-64.9044	
4ED5_A_R147A	22.0460	295.0628	-282.2010	-0.0410	34.8668	-115.2417	-1895.9885	1960.2769	-13.9511	-64.9044	
4ED5_A_R97A	128.8966	322.5572	-281.8809	0.0293	169.6022	-115.2417	-1895.9885	1960.2769	-13.9511	-64.9044	
4ED5_A_T90A	124.8556	4.8403	30.0996	-0.2105	159.5850	-115.2417	-1895.9885	1960.2769	-13.9511	-64.9044	
4ERD_A_R465A	-4.0805	621.2835	-611.4549	0.2961	6.0442	-87.8799	-3313.5441	3332.7837	-7.8065	-76.4468	
4ERD_A_Y407A	6.7815	-15.5951	7.5374	0.5265	-0.7497	-87.8799	-3313.5441	3332.7837	-7.8065	-76.4468	
4G4O_A_F114A	9.5557	-16.2748	11.5672	0.6696	5.5177	-88.7439	-3775.9484	3822.4155	-7.4034	-49.6802	
4G4R_A_M77A	2.5933	-16.3028	13.2814	0.2861	-0.1420	-96.7424	-3962.5431	4021.5888	-7.8920	-45.5887	
4HF1_A_E43A	3.7114	-821.1925	808.3123	0.5599	-8.6089	-137.0911	-129.9556	234.8993	-10.0785	-42.2259	
4HF1_A_Q44A	3.5965	10.9978	-13.3127	0.3132	1.5948	-137.0911	-129.9556	234.8993	-10.0785	-42.2259	
4HF1_A_S40A	1.0112	12.8099	-11.1186	0.1021	2.8046	-137.0911	-129.9556	234.8993	-10.0785	-42.2259	
4HN5_A_A458T	0.5008	-4.0565	2.6658	-0.0122	-0.9021	-58.0144	-3205.3765	3219.9781	-6.4144	-49.8272	
4HN5_A_K442A	4.3202	690.6356	-682.3833	0.4183	12.9908	-58.0144	-3205.3765	3219.9781	-6.4144	-49.8272	
4HQB_A_W66A	9.8727	14.0587	-15.8586	0.3389	8.4117	-70.3297	-389.6452	429.4835	-5.6919	-36.1833	
4HT8_A_F42S	0.0106	16.9013	-17.3491	0.0111	-0.4261	-46.9110	-314.6659	351.3044	-4.1422	-14.4147	
4HT9_A_F42S	5.8138	2.6342	-2.8363	0.4449	6.0566	-76.8103	-268.0702	318.2580	-6.5117	-33.1342	
4HT9_A_Y25A	7.0016	-4.4081	0.1311	0.1680	2.8926	-76.8103	-268.0702	318.2580	-6.5117	-33.1342	
4K4G_A_R517A	9.2214	798.8499	-786.0903	0.3132	22.2942	-226.3475	-4646.9265	4763.8024	-16.9427	-126.4143	
4L0Z_A_F194A	0.4227	-5.1792	7.7572	-0.0628	2.9379	116.2266	-3800.4743	3787.3676	-7.4530	95.6669	
4L0Z_A_L198A	11.1320	-2.8363	4.8117	-0.0459	13.0615	116.2266	-3800.4743	3787.3676	-7.4530	95.6669	
4L0Z_A_L201A	13.4708	-1.2491	3.9097	-0.0255	16.1059	116.2266	-3800.4743	3787.3676	-7.4530	95.6669	
4L5R_C_K104A	-1.0309	373.8944	-368.3980	-0.0178	4.4477	-88.4427	-5490.6851	5501.0815	-9.0907	-87.1370	
4L5R_C_K241A	0.0138	401.2842	-396.3483	-0.0082	4.9415	-88.4427	-5490.6851	5501.0815	-9.0907	-87.1370	
4L5R_C_N236A	2.8124	34.6597	-32.5613	0.1951	5.1059	-88.4427	-5490.6851	5501.0815	-9.0907	-87.1370	
4MDX_A_E78A	0.0556	-75.9545	74.8141	-0.0104	-1.0952	-36.3770	53.0271	-27.2964	-2.3710	-13.0173	
4MDX_A_K53A	0.0782	74.8705	-73.9907	-0.0009	0.9571	-36.3770	53.0271	-27.2964	-2.3710	-13.0173	
4MDX_A_R25A	0.0841	99.4400	-98.2658	-0.0008	1.2575	-36.3770	53.0271	-27.2964	-2.3710	-13.0173	
4MDX_A_S73A	0.0824	17.1354	-16.9825	-0.0008	0.2345	-36.3770	53.0271	-27.2964	-2.3710	-13.0173	
4NGD_A_R927A	6.4844	286.1154	-236.7387	0.2003	56.0614	-54.4334	-1401.6567	1416.4546	-6.5543	-46.1898	
4NGD_A_S1005A	1.4613	46.3021	-7.7663	0.0075	40.0046	-54.4334	-1401.6567	1416.4546	-6.5543	-46.1898	
4NGD_A_W1014A	3.6590	44.7928	-9.2245	0.2451	39.4724	-54.4334	-1401.6567	1416.4546	-6.5543	-46.1898	
4NGD_A_Y926A	0.6372	54.5499	-8.8860	0.0160	46.3171	-54.4334	-1401.6567	1416.4546	-6.5543	-46.1898	
4NGD_A_Y961F	0.7261	35.0732	-3.5486	0.0276	32.2783	-54.4334	-1401.6567	1416.4546	-6.5543	-46.1898	
4NGD_A_Y966F	0.9365	25.2442	3.9714	0.0138	30.1659	-54.4334	-1401.6567	1416.4546	-6.5543	-46.1898	
4NHA_A_H982A	0.1122	0.1956	-1.0404	0.0105	-0.7221	-44.7094	-207.7220	275.9490	-4.1646	19.3530	
4NM6_A_H1904R	-0.8292	-358.4200	352.7657	-0.1244	-6.6079	-91.2487	-2114.7322	2193.0594	-7.8162	-20.7377	
4NM6_A_N1387A	0.0393	-5.7053	5.4975	0.0001	-0.1684	-91.2487	-2114.7322	2193.0594	-7.8162	-20.7377	
4NM6_A_Y1902A	0.0703	6.2581	-6.3384	-0.0001	-0.0101	-91.2487	-2114.7322	2193.0594	-7.8162	-20.7377	
4OI0_A_D124A	4.6830	-43.1267	41.9427	0.0094	3.5084	-48.3654	-77.0264	97.1947	-3.7629	-31.9600	
4OI0_A_D124N	4.6498	-44.5697	43.6656	0.0018	3.7475	-48.3654	-77.0264	97.1947	-3.7629	-31.9600	
4OI0_A_D235A	4.7904	-33.9330	31.8842	0.0054	2.7470	-48.3654	-77.0264	97.1947	-3.7629	-31.9600	
4OI0_A_P122A	4.7992	-6.9178	5.4354	0.0036	3.3204	-48.3654	-77.0264	97.1947	-3.7629	-31.9600	
4OI0_A_P122S	4.7980	-7.2588	5.8282	0.0033	3.3707	-48.3654	-77.0264	97.1947	-3.7629	-31.9600	
4OI0_A_R288K	4.9712	-7.5702	5.7230	0.0207	3.1447	-48.3654	-77.0264	97.1947	-3.7629	-31.9600	
4OI0_A_T123S	5.6518	-6.8121	4.8727	0.1123	3.8247	-48.3654	-77.0264	97.1947	-3.7629	-31.9600	
4OI0_A_T230A	4.7868	-7.1627	5.7424	0.0013	3.3678	-48.3654	-77.0264	97.1947	-3.7629	-31.9600	
4OOG_C_K392A	3.6422	682.5123	-672.9454	0.3493	13.5584	-175.9958	-4935.7370	5014.1998	-15.5258	-113.0588	
4OOG_C_Q373A	1.6210	28.4324	-29.1726	0.1676	1.0484	-175.9958	-4935.7370	5014.1998	-15.5258	-113.0588	
4PMW_A_N661A	-1.0786	47.1746	-2.2216	-0.0287	43.8457	-275.8326	-912.9019	1054.7027	-24.3075	-158.3393	
4PMW_A_N796A	-0.5385	46.4166	-2.4224	0.0695	43.5252	-275.8326	-912.9019	1054.7027	-24.3075	-158.3393	
4PMW_A_N796E	-0.9863	220.5776	-173.7771	0.0290	45.8432	-275.8326	-912.9019	1054.7027	-24.3075	-158.3393	
4PMW_A_Q778A	2.1020	43.7681	0.6634	-0.0287	46.5048	-275.8326	-912.9019	1054.7027	-24.3075	-158.3393	
4PMW_A_Q790A	0.0239	45.6737	-5.9670	0.1710	39.9016	-275.8326	-912.9019	1054.7027	-24.3075	-158.3393	
4PMW_A_Q790E	-0.6125	328.3846	-283.9540	0.0619	43.8800	-275.8326	-912.9019	1054.7027	-24.3075	-158.3393	
4PMW_A_R275A	1.2348	274.8049	-224.5118	0.3533	51.8812	-275.8326	-912.9019	1054.7027	-24.3075	-158.3393	
4QJU_A_K59A	3.5999	670.7434	-663.0091	0.3108	11.6450	-99.2867	-3719.2678	3751.9305	-7.8457	-74.4697	
4QJU_A_R55A	3.8804	787.5229	-779.5155	0.4252	12.3130	-99.2867	-3719.2678	3751.9305	-7.8457	-74.4697	
4QJU_A_R58A	9.6048	813.3171	-809.3199	0.9068	14.5088	-99.2867	-3719.2678	3751.9305	-7.8457	-74.4697	
4QTJ_A_I77A	2.4557	9.3947	-9.5037	0.2685	2.6152	-90.5914	-2318.8666	2353.4320	-7.4587	-63.4847	
4QTJ_A_L82A	4.0042	12.8402	-13.7900	0.3341	3.3885	-90.5914	-2318.8666	2353.4320	-7.4587	-63.4847	
4QTJ_A_R38A	5.5779	541.6398	-526.1320	0.3104	21.3961	-90.5914	-2318.8666	2353.4320	-7.4587	-63.4847	
4QTJ_A_R65A	15.1868	651.7020	-639.4923	0.9821	28.3786	-90.5914	-2318.8666	2353.4320	-7.4587	-63.4847	
4QTJ_A_R76A	5.3953	529.7719	-522.5424	0.6035	13.2283	-90.5914	-2318.8666	2353.4320	-7.4587	-63.4847	
4QTJ_A_S73A	-0.1484	3.7411	-3.2256	-0.0107	0.3564	-90.5914	-2318.8666	2353.4320	-7.4587	-63.4847	
4QTJ_A_S75A	-1.3412	10.2327	-11.2517	0.1119	-2.2483	-90.5914	-2318.8666	2353.4320	-7.4587	-63.4847	
4QTJ_A_T208A	0.6905	20.7991	-19.7579	0.0799	1.8116	-90.5914	-2318.8666	2353.4320	-7.4587	-63.4847	
4QTJ_A_T210A	0.2716	21.1028	-20.4145	0.0814	1.0413	-90.5914	-2318.8666	2353.4320	-7.4587	-63.4847	
4QVC_D_F42S	-0.2869	5.0634	-3.3684	-0.0762	1.3319	-38.2062	-124.5889	157.4616	-2.6447	-7.9782	
4QVC_D_N28A	0.3550	1.2427	0.9008	-0.0761	2.4224	-38.2062	-124.5889	157.4616	-2.6447	-7.9782	
4QVC_D_N48A	-0.0788	9.4367	-7.9770	-0.0674	1.3135	-38.2062	-124.5889	157.4616	-2.6447	-7.9782	
4QVD_D_F42S	0.4065	0.4474	-0.4276	0.0069	0.4332	-34.6735	-128.5882	161.4676	-2.5125	-4.3066	
4QVD_D_K31A	2.2860	130.7541	-131.5364	0.1498	1.6535	-34.6735	-128.5882	161.4676	-2.5125	-4.3066	
4QVD_D_N28A	0.8699	-3.7558	4.4660	0.0065	1.5866	-34.6735	-128.5882	161.4676	-2.5125	-4.3066	
4QVD_D_N48A	0.4938	3.3716	-3.4485	0.0136	0.4305	-34.6735	-128.5882	161.4676	-2.5125	-4.3066	
4R56_A_K31A	2.3767	472.7260	-468.8081	0.2611	6.5557	-127.5307	-3696.2053	3733.6383	-9.0812	-99.1789	
4R56_A_K34A	1.0994	507.2522	-503.1768	0.0210	5.1958	-127.5307	-3696.2053	3733.6383	-9.0812	-99.1789	
4R56_A_P30A	2.4392	-0.0233	-0.6098	0.0123	1.8184	-127.5307	-3696.2053	3733.6383	-9.0812	-99.1789	
4R56_A_R33A	4.3035	451.6976	-447.2934	0.4541	9.1618	-127.5307	-3696.2053	3733.6383	-9.0812	-99.1789	
4RDU_A_Q178P	0.0153	25.4440	-25.3245	0.0088	0.1436	-110.6476	-6630.9586	6614.5447	-9.8353	-136.8968	
4RDU_A_Q186H	-1.8232	26.2652	-27.6923	0.0834	-3.1669	-110.6476	-6630.9586	6614.5447	-9.8353	-136.8968	
4TMU_A_D191A	-0.0118	-262.5207	259.3506	0.0013	-3.1806	-188.1527	-1345.8799	1470.4125	-15.8422	-79.4623	
4TMU_A_E124A	4.3593	-368.7568	364.3017	0.1411	0.0453	-188.1527	-1345.8799	1470.4125	-15.8422	-79.4623	
4TMU_A_H149A	0.0737	6.7298	-6.7011	0.0033	0.1057	-188.1527	-1345.8799	1470.4125	-15.8422	-79.4623	
4TMU_A_H156A	0.0560	-1.0165	0.9111	-0.0002	-0.0496	-188.1527	-1345.8799	1470.4125	-15.8422	-79.4623	
4TMU_A_Q322A	0.0660	-8.7701	8.6107	0.0001	-0.0933	-188.1527	-1345.8799	1470.4125	-15.8422	-79.4623	
4TMU_A_R125A	3.6097	442.1469	-424.2093	0.2984	21.8457	-188.1527	-1345.8799	1470.4125	-15.8422	-79.4623	
4TMU_A_R275A	0.9546	464.2985	-450.5732	0.2126	14.8925	-188.1527	-1345.8799	1470.4125	-15.8422	-79.4623	
4TMU_A_R315A	0.8601	411.7511	-402.5326	0.4969	10.5755	-188.1527	-1345.8799	1470.4125	-15.8422	-79.4623	
4TMU_A_R446A	3.7640	475.9993	-465.9065	0.3481	14.2049	-188.1527	-1345.8799	1470.4125	-15.8422	-79.4623	
4TMU_A_S97A	1.4321	4.4646	-7.8984	0.1086	-1.8931	-188.1527	-1345.8799	1470.4125	-15.8422	-79.4623	
4TMU_A_T293A	1.1225	17.3538	-9.6805	-0.0356	8.7602	-188.1527	-1345.8799	1470.4125	-15.8422	-79.4623	
4TMU_A_W347A	9.5259	4.3633	-9.6005	0.4911	4.7798	-188.1527	-1345.8799	1470.4125	-15.8422	-79.4623	
4WCG_A_R258A	3.1209	301.3874	-293.7543	0.4702	11.2242	-42.7318	-1181.3405	1191.6359	-3.6683	-36.1047	
4WCG_A_S260L	-0.0775	3.4566	-3.4715	0.0010	-0.0914	-42.7318	-1181.3405	1191.6359	-3.6683	-36.1047	
4X5V_A_A510D	0.4584	372.8444	-367.0974	-0.0168	6.1886	-203.1505	-3648.5274	3732.8687	-16.3030	-135.1122	
4X5V_A_N513A	1.0285	48.9764	-49.1036	0.0306	0.9319	-203.1505	-3648.5274	3732.8687	-16.3030	-135.1122	
4XQ8_B_L431A	0.1030	-3.1885	3.1951	-0.0029	0.1067	-143.0571	-849.5695	977.7313	-11.0726	-25.9679	
4XQ8_B_Y505A	6.0961	6.3069	-4.7525	0.4015	8.0520	-143.0571	-849.5695	977.7313	-11.0726	-25.9679	
4XQ8_B_Y505F	0.5340	4.5244	-1.3707	0.0887	3.7764	-143.0571	-849.5695	977.7313	-11.0726	-25.9679	
4XR0_A_H144A	18.0861	34.3314	-25.9263	-0.7497	25.7415	-263.6145	-6442.3593	6611.0271	-25.5858	-120.5325	
4XR0_A_R198A	19.6476	309.6566	-297.3208	-0.7583	31.2251	-263.6145	-6442.3593	6611.0271	-25.5858	-120.5325	
4YVI_A_D169A	-0.0442	-340.2855	336.0026	-0.0009	-4.3280	-73.0945	2620.8926	-2520.3226	-7.4215	20.0540	
4YVI_A_D169E	-0.0399	1.8711	-1.8796	-0.0008	-0.0492	-73.0945	2620.8926	-2520.3226	-7.4215	20.0540	
4YVI_A_D169L	-0.0529	-339.0750	334.7805	-0.0010	-4.3484	-73.0945	2620.8926	-2520.3226	-7.4215	20.0540	
4YVI_A_D177A	0.0274	-339.9070	335.6340	0.0022	-4.2434	-73.0945	2620.8926	-2520.3226	-7.4215	20.0540	
4YVI_A_E116A	0.9906	-804.0701	792.8917	0.0544	-10.1334	-73.0945	2620.8926	-2520.3226	-7.4215	20.0540	
4YVI_A_G134A	-0.0051	-0.6915	0.6789	0.0004	-0.0173	-73.0945	2620.8926	-2520.3226	-7.4215	20.0540	
4YVI_A_G141A	-0.0153	0.4967	-0.4778	0.0003	0.0039	-73.0945	2620.8926	-2520.3226	-7.4215	20.0540	
4YVI_A_G55A	-0.3861	-3.0048	2.9406	0.0281	-0.4222	-73.0945	2620.8926	-2520.3226	-7.4215	20.0540	
4YVI_A_G59A	-1.1847	-2.0790	1.9062	-0.0052	-1.3627	-73.0945	2620.8926	-2520.3226	-7.4215	20.0540	
4YVI_A_H180A	-0.0056	4.2025	-4.1592	0.0001	0.0378	-73.0945	2620.8926	-2520.3226	-7.4215	20.0540	
4YVI_A_P89A	0.0133	-1.0188	0.9807	0.0001	-0.0247	-73.0945	2620.8926	-2520.3226	-7.4215	20.0540	
4YVI_A_P89W	-0.0251	-6.2890	6.2795	-0.0007	-0.0353	-73.0945	2620.8926	-2520.3226	-7.4215	20.0540	
4YVI_A_Q90A	-0.0256	-3.7736	3.6847	0.0030	-0.1115	-73.0945	2620.8926	-2520.3226	-7.4215	20.0540	
4YVI_A_R154A	-0.0016	369.9187	-365.2908	0.0005	4.6268	-73.0945	2620.8926	-2520.3226	-7.4215	20.0540	
4YVI_A_R154K	-0.0016	-3.5496	3.4988	0.0000	-0.0524	-73.0945	2620.8926	-2520.3226	-7.4215	20.0540	
4YVI_A_S170A	-0.0056	2.1672	-2.1475	0.0001	0.0142	-73.0945	2620.8926	-2520.3226	-7.4215	20.0540	
4YVI_A_Y115A	7.8734	4.8381	-10.0787	0.4876	3.1204	-73.0945	2620.8926	-2520.3226	-7.4215	20.0540	
4YVI_A_Y115F	0.7910	1.9941	-4.5404	0.0106	-1.7447	-73.0945	2620.8926	-2520.3226	-7.4215	20.0540	
4YVI_A_Y136A	0.0018	2.7773	-2.7718	-0.0001	0.0072	-73.0945	2620.8926	-2520.3226	-7.4215	20.0540	
4YVI_A_Y86A	0.0124	0.4744	-0.5919	0.0027	-0.1024	-73.0945	2620.8926	-2520.3226	-7.4215	20.0540	
4ZSF_A_D145A	0.4555	-253.8450	251.0049	0.0183	-2.3663	-58.4439	34.3376	48.8670	-4.8416	19.9191	
4ZSF_A_D175A	0.4653	-265.3778	262.2154	0.0220	-2.6751	-58.4439	34.3376	48.8670	-4.8416	19.9191	
4ZSF_A_E128A	0.3969	-150.9149	149.1879	0.0191	-1.3110	-58.4439	34.3376	48.8670	-4.8416	19.9191	
4ZSF_A_K85A	4.7088	253.0629	-253.5743	0.3122	4.5096	-58.4439	34.3376	48.8670	-4.8416	19.9191	
4ZSF_A_R130A	0.3956	80.1993	-79.0272	0.0191	1.5868	-58.4439	34.3376	48.8670	-4.8416	19.9191	
4ZSF_A_R259A	0.3949	58.9245	-58.0081	0.0190	1.3303	-58.4439	34.3376	48.8670	-4.8416	19.9191	
4ZSF_A_W262A	0.4264	-41.2839	40.8784	0.0187	0.0396	-58.4439	34.3376	48.8670	-4.8416	19.9191	
5CO8_C_D141A	805.2633	-588.1039	583.6931	0.1963	801.0488	35.8045	1190.2865	-1033.5024	-8.8421	183.7465	
5CO8_C_D143A	849.9847	-609.9301	605.8780	0.1620	846.0946	35.8045	1190.2865	-1033.5024	-8.8421	183.7465	
5CO8_C_D38A	816.5922	-471.4009	470.4581	0.2637	815.9131	35.8045	1190.2865	-1033.5024	-8.8421	183.7465	
5CO8_C_D79A	817.7457	-478.7434	476.3214	0.2664	815.5901	35.8045	1190.2865	-1033.5024	-8.8421	183.7465	
5CO8_C_E120A	808.9372	-525.4138	516.0582	0.2200	799.8016	35.8045	1190.2865	-1033.5024	-8.8421	183.7465	
5CO8_C_E122A	807.9163	-531.1590	529.7179	0.2716	806.7468	35.8045	1190.2865	-1033.5024	-8.8421	183.7465	
5D8C_A_C54A	0.0074	0.8759	-0.8698	0.0000	0.0135	-69.7173	-2419.1791	2414.7605	-6.5252	-80.6611	
5DFF_A_R181A	8.1669	632.9704	-615.9377	0.3927	25.5923	-117.4498	-2523.4244	2628.4575	-12.1859	-24.6026	
5DNO_A_K436A	4.7846	297.8731	-276.7682	0.3502	26.2397	-74.5177	-790.5165	811.5267	-6.5361	-60.0436	
5DNO_A_N336A	0.2241	24.7204	-20.5825	0.1708	4.5328	-74.5177	-790.5165	811.5267	-6.5361	-60.0436	
5DNO_A_N477A	3.3698	13.3086	-10.7043	0.1420	6.1161	-74.5177	-790.5165	811.5267	-6.5361	-60.0436	
5DNO_A_R331A	0.1064	80.6571	-79.6463	0.0008	1.1180	-74.5177	-790.5165	811.5267	-6.5361	-60.0436	
5DNO_A_R338A	1.2467	148.3441	-144.6896	0.2602	5.1614	-74.5177	-790.5165	811.5267	-6.5361	-60.0436	
5DNO_A_S333A	0.1194	11.3784	-11.2068	0.0012	0.2922	-74.5177	-790.5165	811.5267	-6.5361	-60.0436	
5DNO_A_Y352F	-0.4287	4.5358	-7.6845	0.0145	-3.5629	-74.5177	-790.5165	811.5267	-6.5361	-60.0436	
5DWB_A_D142A	0.7358	-460.1296	448.9333	0.1681	-10.2924	-177.9286	-637.4862	796.4232	-15.3918	-34.3834	
5DWB_A_D177A	0.5388	-513.7447	504.8727	0.0486	-8.2846	-177.9286	-637.4862	796.4232	-15.3918	-34.3834	
5DWB_A_D178A	0.0319	-456.6729	449.9901	0.0441	-6.6068	-177.9286	-637.4862	796.4232	-15.3918	-34.3834	
5DWB_A_D223A	0.3023	-382.0657	377.0550	-0.0054	-4.7138	-177.9286	-637.4862	796.4232	-15.3918	-34.3834	
5DWB_A_Q86A	5.8529	12.2089	-7.7733	0.4301	10.7186	-177.9286	-637.4862	796.4232	-15.3918	-34.3834	
5DWB_A_S138A	-0.1527	8.0944	-8.5084	-0.0066	-0.5733	-177.9286	-637.4862	796.4232	-15.3918	-34.3834	
5E24_B_F237A	0.0001	-1.5287	1.5097	0.0000	-0.0189	-0.0017	-637.6114	629.6412	-0.0000	-7.9719	
5E24_B_L235A	0.0000	-1.3400	1.3234	0.0000	-0.0166	-0.0017	-637.6114	629.6412	-0.0000	-7.9719	
5E24_B_L245A	0.0001	-1.2639	1.2482	0.0000	-0.0156	-0.0017	-637.6114	629.6412	-0.0000	-7.9719	
5E24_B_L247A	0.0001	-1.1665	1.1520	0.0000	-0.0144	-0.0017	-637.6114	629.6412	-0.0000	-7.9719	
5E24_B_W258A	0.0001	-1.1990	1.1841	0.0000	-0.0148	-0.0017	-637.6114	629.6412	-0.0000	-7.9719	
5E24_E_F516A	3.1452	9.8666	-16.8308	0.0138	-3.8052	-102.1422	-3015.3937	3067.4955	-9.0219	-59.0623	
5E24_E_I482A	3.1451	10.1746	-17.1349	0.0138	-3.8014	-102.1422	-3015.3937	3067.4955	-9.0219	-59.0623	
5E24_E_L434A	3.1563	10.2399	-17.1757	0.0138	-3.7657	-102.1422	-3015.3937	3067.4955	-9.0219	-59.0623	
5E24_E_L436A	3.1454	9.7994	-16.7708	0.0138	-3.8122	-102.1422	-3015.3937	3067.4955	-9.0219	-59.0623	
5E24_E_L445A	3.1452	9.9973	-16.9599	0.0138	-3.8036	-102.1422	-3015.3937	3067.4955	-9.0219	-59.0623	
5E24_E_L514A	3.1452	10.4447	-17.4017	0.0138	-3.7980	-102.1422	-3015.3937	3067.4955	-9.0219	-59.0623	
5E24_E_V479A	3.1448	10.2412	-17.2033	0.0139	-3.8034	-102.1422	-3015.3937	3067.4955	-9.0219	-59.0623	
5E24_E_Y518A	3.1466	10.7999	-17.7515	0.0138	-3.7912	-102.1422	-3015.3937	3067.4955	-9.0219	-59.0623	
5ED4_A_L113D	-0.0008	310.7597	-306.8905	-0.0021	3.8663	-84.7828	93.1055	-33.1144	-8.9644	-33.7561	
5ED4_A_Y205A	0.0102	3.5488	-3.4968	0.0001	0.0623	-84.7828	93.1055	-33.1144	-8.9644	-33.7561	
5EIM_A_R349A	17.6116	270.9687	-268.4840	0.4643	20.5606	-79.9528	-1195.7891	1240.3193	-7.7212	-43.1438	
5EIM_A_T437A	14.6127	-12.5143	10.0873	0.0271	12.2128	-79.9528	-1195.7891	1240.3193	-7.7212	-43.1438	
5ELH_A_F149A	0.0001	3.6143	-3.5698	0.0000	0.0446	-0.0206	-165.2079	163.1657	-0.0000	-2.0628	
5ELH_A_N143A	0.0001	3.7529	-3.7067	0.0000	0.0463	-0.0206	-165.2079	163.1657	-0.0000	-2.0628	
5ELK_A_F316A	-12.6768	-13.4465	13.0617	-0.3560	-13.4176	90.9801	-886.6836	950.0197	-6.5809	147.7353	
5ELK_A_R310A	-15.3341	137.3551	-134.0211	-0.4441	-12.4442	90.9801	-886.6836	950.0197	-6.5809	147.7353	
5ELK_A_Y216A	-22.5176	-13.8204	18.4646	-0.6564	-18.5298	90.9801	-886.6836	950.0197	-6.5809	147.7353	
5EN1_A_D49A	-1.5583	-105.6362	114.0698	0.1742	7.0495	-57.8079	-464.5719	502.7677	-5.5300	-25.1421	
5EN1_A_F24A	6.0870	2.6109	-4.2481	0.1395	4.5893	-57.8079	-464.5719	502.7677	-5.5300	-25.1421	
5EN1_A_F66A	8.3684	3.0754	-5.2522	0.2783	6.4699	-57.8079	-464.5719	502.7677	-5.5300	-25.1421	
5EN1_A_H108A	3.5621	2.4441	-10.5233	0.2021	-4.3150	-57.8079	-464.5719	502.7677	-5.5300	-25.1421	
5EV1_A_Q147A	2.1435	6.4119	2.5014	0.0955	11.1523	-106.4378	-425.8932	515.3624	-11.4112	-28.3798	
5EV1_A_R227A	0.9055	163.6872	-153.7026	0.0948	10.9849	-106.4378	-425.8932	515.3624	-11.4112	-28.3798	
5EV1_A_V254P	0.1720	14.7867	-2.5745	0.0036	12.3878	-106.4378	-425.8932	515.3624	-11.4112	-28.3798	
5EXH_C_K88A	0.8980	486.9614	-477.3407	0.2923	10.8110	-55.3026	-4916.6070	4915.7119	-6.5562	-62.7539	
5EXH_C_Q82A	1.0303	-3.6349	1.4746	0.1174	-1.0126	-55.3026	-4916.6070	4915.7119	-6.5562	-62.7539	
5EXH_C_T80A	-0.2281	0.9623	-0.4706	0.0275	0.2911	-55.3026	-4916.6070	4915.7119	-6.5562	-62.7539	
5F55_A_H397A	-2.8941	9.6646	-10.1688	0.1146	-3.2837	-156.0832	327.4105	-180.9852	-14.4811	-24.1390	
5F55_A_R109A	-0.0005	208.2034	-208.1159	-0.0845	0.0025	-156.0832	327.4105	-180.9852	-14.4811	-24.1390	
5F55_A_R373A	5.4293	245.0873	-241.5440	0.3132	9.2858	-156.0832	327.4105	-180.9852	-14.4811	-24.1390	
5F55_A_R393A	-0.3573	122.1050	-123.1444	-0.1130	-1.5097	-156.0832	327.4105	-180.9852	-14.4811	-24.1390	
5F55_A_S371A	-0.5910	-11.3525	8.6278	-0.1171	-3.4328	-156.0832	327.4105	-180.9852	-14.4811	-24.1390	
5F55_A_Y114A	6.5761	-14.6760	7.5223	0.1354	-0.4422	-156.0832	327.4105	-180.9852	-14.4811	-24.1390	
5F55_A_Y80A	0.5821	-12.3650	7.7690	-0.0371	-4.0510	-156.0832	327.4105	-180.9852	-14.4811	-24.1390	
5GXH_A_E197A	-8.7520	-72.0754	74.7939	-0.0162	-6.0497	-85.7487	33.8969	14.9206	-8.1319	-45.0631	
5GXH_A_F381A	-2.9983	11.5162	-9.0797	0.1423	-0.4195	-85.7487	33.8969	14.9206	-8.1319	-45.0631	
5GXH_A_W14A	-0.9300	7.1999	-4.2828	0.0983	2.0854	-85.7487	33.8969	14.9206	-8.1319	-45.0631	
5GXH_A_Y15A	-1.6342	6.9424	-5.8887	0.2295	-0.3510	-85.7487	33.8969	14.9206	-8.1319	-45.0631	
5GXH_A_Y474A	-1.1484	11.7873	-10.4891	0.2881	0.4379	-85.7487	33.8969	14.9206	-8.1319	-45.0631	
5H1K_A_F381D	3.6951	401.5440	-396.9708	0.1161	8.3844	-133.1109	539.6111	-436.5549	-11.2336	-41.2883	
5H1K_A_M357A	3.1745	6.7880	-7.7918	0.1368	2.3074	-133.1109	539.6111	-436.5549	-11.2336	-41.2883	
5H1K_A_M403E	-0.5041	343.1945	-337.6101	-0.0828	4.9975	-133.1109	539.6111	-436.5549	-11.2336	-41.2883	
5H1K_A_N13A	0.9718	7.6551	-4.7486	0.0810	3.9593	-133.1109	539.6111	-436.5549	-11.2336	-41.2883	
5H1K_A_R335E	1.9046	863.9442	-836.8417	0.5756	29.5827	-133.1109	539.6111	-436.5549	-11.2336	-41.2883	
5H1K_A_R33A	1.0330	419.0706	-406.5055	0.2362	13.8343	-133.1109	539.6111	-436.5549	-11.2336	-41.2883	
5H1K_A_R359A	3.0782	375.0201	-372.5466	0.2274	5.7791	-133.1109	539.6111	-436.5549	-11.2336	-41.2883	
5H1K_A_W14A	10.6086	7.9248	-10.1041	0.4332	8.8625	-133.1109	539.6111	-436.5549	-11.2336	-41.2883	
5H1K_A_W422E	6.9433	354.3708	-350.3496	-0.0392	10.9253	-133.1109	539.6111	-436.5549	-11.2336	-41.2883	
5H1K_A_Y15A	7.0691	6.0006	-8.8139	0.4157	4.6715	-133.1109	539.6111	-436.5549	-11.2336	-41.2883	
5H1K_A_Y383F	-0.3391	15.4044	-12.0160	-0.0448	3.0045	-133.1109	539.6111	-436.5549	-11.2336	-41.2883	
5HO4_A_D49A	-0.2574	-176.2889	183.3351	0.2428	7.0316	-84.1861	-485.4200	519.9153	-6.8655	-56.5563	
5HO4_A_E92A	-1.3699	-126.7935	126.1282	0.2666	-1.7686	-84.1861	-485.4200	519.9153	-6.8655	-56.5563	
5HO4_A_F24A	8.7840	-7.6154	2.8687	0.2319	4.2692	-84.1861	-485.4200	519.9153	-6.8655	-56.5563	
5HO4_A_F66A	8.1048	-7.5182	4.5046	0.2344	5.3256	-84.1861	-485.4200	519.9153	-6.8655	-56.5563	
5HO4_A_H108A	4.4731	-11.7632	5.7481	0.3024	-1.2396	-84.1861	-485.4200	519.9153	-6.8655	-56.5563	
5HO4_A_Q19A	0.8375	-7.3833	9.9417	0.0632	3.4591	-84.1861	-485.4200	519.9153	-6.8655	-56.5563	
5IIN_A_E529A	3.9813	-376.0261	366.6913	0.3653	-4.9882	-183.3352	-3329.0660	3416.9219	-14.4337	-109.9130	
5JBJ_A_H406A	5.9690	-3.5255	-0.1554	0.5040	2.7921	-257.7537	-3883.1639	4058.7891	-22.3478	-104.4763	
5KUB_A_D113A	0.6409	-413.5755	407.0920	0.0110	-5.8316	-67.4424	-1850.5593	1889.2664	-7.4147	-36.1500	
5KUB_A_W109A	5.1222	-5.3959	1.8523	0.1975	1.7761	-67.4424	-1850.5593	1889.2664	-7.4147	-36.1500	
5KUB_A_W187A	3.9893	-6.1709	3.1290	0.2877	1.2351	-67.4424	-1850.5593	1889.2664	-7.4147	-36.1500	
5M3H_A_R633A	-21.6030	189.7925	-189.5747	0.2398	-21.1454	-168.2127	851.8867	-669.9954	-14.8915	-1.2129	
5U2R_A_R283A	8.7996	538.9066	-533.5611	0.3621	14.5072	-193.0065	-3144.2607	3274.0271	-13.5171	-76.7572	
5UDZ_A_E151K	0.0072	-1026.0461	1013.3220	0.0017	-12.7152	-252.7347	-4287.5936	4358.1620	-19.4624	-201.6287	
5UDZ_A_H148A	5.9544	10.7912	-11.6037	0.1196	5.2615	-252.7347	-4287.5936	4358.1620	-19.4624	-201.6287	
5UDZ_A_H162A	8.6876	5.2655	-7.6599	0.2371	6.5303	-252.7347	-4287.5936	4358.1620	-19.4624	-201.6287	
5UDZ_A_I167A	0.0294	4.5672	-4.5408	0.0071	0.0629	-252.7347	-4287.5936	4358.1620	-19.4624	-201.6287	
5UDZ_A_Y140A	12.4374	-2.2569	-3.8058	0.4401	6.8148	-252.7347	-4287.5936	4358.1620	-19.4624	-201.6287	
5W1H_A_H328A	-3.8893	0.4708	-5.7878	-0.2978	-9.5041	-625.7017	-9005.2690	9338.1485	-58.4542	-351.2764	
5W1H_A_K1305A	-1.5038	456.7033	-450.1848	-0.2951	4.7196	-625.7017	-9005.2690	9338.1485	-58.4542	-351.2764	
5W1H_A_K1320A	-4.0717	452.3859	-445.7728	0.0234	2.5648	-625.7017	-9005.2690	9338.1485	-58.4542	-351.2764	
5W1H_A_K435A	-0.5885	576.2556	-573.4115	0.0433	2.2989	-625.7017	-9005.2690	9338.1485	-58.4542	-351.2764	
5W1H_A_W325A	-3.1647	-7.2311	4.3858	-0.3444	-6.3544	-625.7017	-9005.2690	9338.1485	-58.4542	-351.2764	
5WWW_A_R271A	5.6485	169.9090	-170.1307	0.2756	5.7024	-92.7546	-857.2582	876.4827	-8.1415	-81.6716	
5WWW_A_T268A	2.8224	5.0347	-0.7838	0.0454	7.1187	-92.7546	-857.2582	876.4827	-8.1415	-81.6716	
5WWX_A_K350A	5.0733	149.5333	-141.7365	0.2580	13.1281	-84.0694	-584.7912	606.1946	-6.5863	-69.2523	
5WWX_A_R365A	4.5822	169.8128	-170.0707	0.5146	4.8389	-84.0694	-584.7912	606.1946	-6.5863	-69.2523	
5WWX_A_T362A	3.1809	34.8880	-20.7665	0.1199	17.4223	-84.0694	-584.7912	606.1946	-6.5863	-69.2523	
