Cpptraj Generated trajectory                                                    
  26.124  21.775  44.841  26.113  21.329  43.991  26.679  20.016  44.060  26.102
  19.390  44.740  27.702  20.083  44.430  26.741  19.321  42.687  27.266  18.370
  42.774  25.465  19.035  42.119  25.485  19.334  40.721  25.166  18.470  40.139
  24.538  20.437  40.402  24.007  21.218  41.406  24.356  21.083  42.419  23.040
  22.130  41.147  22.496  22.951  42.306  23.304  23.471  42.820  21.770  23.670
  41.924  22.010  22.298  43.031  22.534  22.308  39.785  21.663  23.106  39.453
  23.106  21.490  38.831  22.806  21.597  37.872  24.091  20.556  39.078  24.524
  19.870  38.159  27.517  20.170  41.694  27.258  21.224  41.789  26.960  19.586
  40.406  27.157  20.245  39.561  27.383  18.599  40.221  28.908  19.948  41.851
  29.977  21.032  41.367  31.338  20.530  41.680  29.567  22.367  41.850  29.746
  20.986  39.788  30.103  19.880  38.967  29.448  19.027  39.144  31.132  19.587
  39.173  29.994  20.329  37.503  30.340  19.540  36.835  28.646  20.645  37.179
  28.571  21.971  36.685  28.408  21.956  35.608  27.459  22.717  37.279  27.195
  22.957  38.601  27.837  22.576  39.382  26.116  23.660  38.822  25.672  23.920
  37.517  24.584  24.625  36.988  23.676  25.195  37.767  22.891  25.660  37.332
  23.745  25.044  38.763  24.425  24.719  35.671  25.321  24.155  34.862  25.166
  24.257  33.798  26.383  23.447  35.219  26.493  23.373  36.572  30.868  21.575
  37.304  31.356  21.827  38.245  29.894  22.673  36.911  29.892  23.440  37.685
  30.131  23.104  35.938  31.874  21.403  36.332  32.971  22.543  36.070  34.247
  21.848  35.748  32.975  23.476  37.211  32.392  23.294  34.776  31.971  22.566
  33.622  31.285  21.773  33.920  32.846  22.109  33.161  31.255  23.442  32.579
  31.038  22.845  31.693  30.026  23.925  33.100  29.970  25.336  32.940  29.469
  25.590  32.006  29.216  25.950  34.061  29.613  25.731  35.353  30.523  25.174
  35.518  28.870  26.182  36.394  29.182  25.998  37.412  27.695  26.903  36.074
  26.945  27.325  37.057  26.131  27.855  36.782  27.237  27.197  38.016  27.302
  27.148  34.840  28.050  26.682  33.802  27.676  26.926  32.657  32.117  24.636
  32.165  33.118  24.524  32.579  31.404  25.833  32.786  31.907  26.108  33.713
  31.351  26.687  32.112  32.207  24.739  30.760  33.317  25.687  30.085  33.495
  25.248  28.687  34.478  25.739  31.012  32.575  27.099  30.088  31.490  27.367
  29.206  30.725  26.595  29.293  31.857  27.391  28.180  30.856  28.716  29.536
  30.095  28.962  28.796  30.251  28.662  30.818  30.549  29.882  31.459  29.863
  30.654  31.109  30.381  29.756  32.911  31.234  29.201  33.825  32.178  28.766
  33.530  30.796  29.233  35.054  29.557  29.887  34.937  28.575  30.258  35.923
  28.601  30.079  37.149  27.462  30.889  35.384  26.750  31.204  36.028  27.310
  31.166  34.056  26.218  31.769  33.652  25.533  32.097  34.318  26.121  31.978
  32.669  28.196  30.848  33.121  29.296  30.206  33.622  31.896  29.842  29.556
  32.870  29.506  29.200  31.960  30.259  31.015  32.761  29.706  31.506  32.089
  31.335  31.131  31.427  30.937  28.823  32.256  31.517  27.599  32.120  30.610
  26.440  33.602  31.910  28.080  31.374  32.829  27.348  31.398  33.908  28.270
  31.794  34.776  27.744  32.053  33.684  29.112  30.016  34.266  28.824  29.280
  34.255  28.019  29.546  33.419  29.871  28.863  34.204  30.838  27.825  33.880
  30.925  29.483  34.031  32.178  30.755  33.539  32.333  31.366  33.389  31.455
  31.223  33.216  33.565  32.219  32.818  33.688  30.340  33.407  34.660  30.703
  33.075  35.864  30.056  33.253  36.619  31.650  32.754  36.005  29.124  33.890
  34.531  28.672  34.217  33.298  27.539  34.689  33.194  30.079  35.681  29.394
  30.979  35.843  29.988  28.844  35.626  30.273  28.850  36.428  31.011  27.947
  35.684  29.657  29.954  36.601  28.324  30.563  38.088  28.346  30.444  38.669
  26.994  31.889  38.096  29.002  29.567  38.859  29.332  28.166  38.934  29.101
  27.777  37.942  28.873  27.966  39.576  28.244  27.435  39.484  30.342  26.367
  39.531  30.132  27.645  38.613  31.455  28.209  39.336  32.540  27.409  39.634
  33.218  29.195  38.518  33.297  30.292  38.009  32.654  30.419  38.225  31.603
  31.183  37.233  33.315  32.037  36.828  32.792  30.936  36.992  34.691  31.781
  36.264  35.366  31.574  36.116  36.343  32.596  35.859  34.927  29.895  37.484
  35.340  29.003  38.255  34.663  28.052  38.720  35.296  27.917  40.890  30.741
  28.492  41.326  29.924  28.795  40.622  31.959  29.833  40.552  31.633  28.689
  41.388  32.727  26.839  41.748  31.072  27.038  43.347  31.210  25.726  44.019
  31.127  28.152  43.823  30.350  27.530  43.491  32.722  26.632  43.252  33.799
  26.069  42.338  33.614  25.943  44.093  33.874  27.371  43.096  35.126  26.664
  42.946  35.942  28.250  41.986  35.076  29.186  42.215  36.097  28.701  41.993
  37.048  30.408  41.396  36.000  31.074  41.263  34.815  30.691  41.779  33.947
  32.180  40.484  34.742  32.702  40.366  33.804  32.603  39.847  35.941  33.654
  39.076  35.906  33.926  38.646  36.778  34.180  38.962  35.052  31.985  39.987
  37.100  30.881  40.771  37.156  30.319  40.919  38.241  28.236  44.317  35.441
  28.499  44.825  34.513  29.461  43.705  36.099  30.353  44.028  35.561  29.502
  43.964  37.157  27.660  45.236  36.342  28.297  46.704  36.499  27.283  47.649
  35.987  29.658  46.727  35.906  28.389  46.957  38.092  28.355  45.937  39.088
  27.879  45.025  38.728  27.739  46.338  39.893  29.724  45.597  39.693  29.572
  45.179  40.688  30.467  44.640  38.997  31.757  44.665  39.531  31.781  44.056
  40.435  32.708  44.065  38.592  32.895  44.332  37.263  32.344  45.110  36.755
  33.768  43.559  36.677  34.195  42.735  37.728  35.134  41.697  37.842  35.870
  41.282  36.824  36.524  40.523  36.956  35.754  41.739  35.932  35.323  41.095
  39.017  34.620  41.492  40.071  34.801  40.977  41.003  33.708  42.449  40.115
  33.549  43.031  38.895  30.644  46.801  39.819  30.629  47.395  38.904  32.001
  46.107  39.959  32.742  46.643  39.366  32.300  46.026  41.004  30.237  47.557
  40.947  31.101  48.770  41.521  30.132  49.418  42.449  31.708  49.509  40.403
  32.263  48.035  42.346  31.996  47.192  43.454  31.273  46.425  43.174  31.580
  47.797  44.259  33.281  46.501  43.941  33.046  45.882  44.806  33.806  45.656
  42.925  35.217  45.768  42.919  35.630  45.066  43.643  35.790  45.466  41.580
  35.387  46.166  40.475  34.655  46.950  40.604  35.879  45.863  39.247  35.541
  46.399  38.373  36.828  44.811  39.172  37.321  44.489  38.007  37.973  43.717
  37.986  36.992  44.931  37.161  37.258  44.148  40.230  36.748  44.454  41.451
  37.179  43.842  42.429  34.377  47.495  44.356  34.035  48.519  44.210  35.543
  47.168  43.429  35.601  47.934  42.656  36.485  47.087  43.972  34.714  47.283
  45.713  35.640  48.294  46.553  35.294  48.185  47.977  35.639  49.643  45.953
  37.126  47.716  46.376  37.491  46.463  46.951  36.726  45.716  46.739  37.566
  46.576  48.033  38.833  45.955  46.407  39.117  45.033  46.914  38.723  45.692
  45.021  39.953  46.003  44.408  40.609  45.133  44.426  39.740  46.348  42.997
  38.919  47.300  42.459  38.317  47.944  43.083  38.930  47.341  41.154  39.810
  46.297  40.805  40.270  45.810  39.530  39.984  46.213  38.399  41.198  44.784
  39.638  41.545  44.396  38.772  41.647  44.279  40.822  42.532  43.315  40.813
  42.866  42.958  39.929  42.841  42.920  41.690  41.265  44.715  42.015  40.332
  45.712  41.937  39.946  46.990  46.605  39.500  47.946  46.878  40.627  47.083
  45.244  40.532  48.100  44.862  41.674  46.786  45.299  40.862  46.593  47.604
  41.906  47.630  48.248  42.261  47.100  49.580  41.334  49.001  48.116  43.186
  47.471  47.290  43.904  46.242  47.298  43.192  45.417  47.313  44.517  46.184
  48.197  44.790  46.061  46.069  45.194  45.049  46.060  44.003  46.224  44.910
  44.830  46.777  43.928  45.453  45.979  43.526  44.014  47.352  42.835  43.096
  48.343  43.060  42.981  48.717  44.066  42.337  48.820  42.039  41.601  49.590
  42.219  42.549  48.247  40.758  41.877  48.707  39.736  42.018  48.216  38.864
  41.106  49.345  39.868  43.435  47.300  40.525  44.170  46.819  41.559  45.001
  45.940  41.345  45.965  47.047  45.982  45.909  47.774  46.792  45.775  47.740
  44.634  45.374  48.742  44.784  46.691  47.770  44.043  47.205  46.353  45.991
  47.907  47.008  45.955  43.767  51.715  29.851  44.362  51.038  30.182  45.710
  51.218  29.761  46.039  52.243  29.933  45.756  51.009  28.692  46.682  50.268
  30.493  47.687  50.405  30.093  46.738  50.578  31.876  46.504  49.393  32.614
  47.471  48.975  32.894  45.771  49.649  33.869  46.213  49.392  35.141  47.134
  48.864  35.340  45.425  49.815  36.087  44.384  50.424  35.374  43.199  51.101
  35.741  42.826  51.277  37.000  41.962  51.756  37.209  43.409  50.843  37.701
  42.394  51.624  34.812  42.748  51.488  33.542  42.096  51.915  32.794  43.809
  50.879  33.051  44.599  50.354  34.025  46.308  48.786  30.326  45.485  48.684
  29.618  45.861  48.349  31.714  44.772  48.314  31.752  46.284  47.387  32.003
  47.423  48.044  29.871  47.235  46.590  29.213  48.418  46.313  28.374  45.918
  46.567  28.549  47.188  45.614  30.463  48.351  45.283  31.196  48.816  46.195
  31.571  49.049  44.760  30.542  47.995  44.377  32.377  48.912  44.036  32.857
  47.271  45.117  33.338  46.238  44.286  33.828  46.577  43.706  34.687  45.156
  45.150  34.294  44.256  45.873  33.568  44.211  45.806  32.491  43.510  46.661
  34.295  43.913  46.385  35.607  43.454  46.888  36.870  42.551  47.710  37.074
  44.158  46.365  37.946  43.876  46.651  38.872  45.164  45.449  37.828  45.798
  45.044  38.894  45.460  45.317  39.806  46.488  44.312  38.804  45.636  45.001
  36.676  44.945  45.480  35.605  47.182  43.134  31.977  46.986  43.127  30.905
  45.870  43.276  32.750  45.074  43.580  32.070  45.578  42.365  33.271  47.934
  41.992  32.343  47.419  40.499  32.062  48.638  39.631  32.025  46.474  40.516
  30.928  46.593  40.197  33.399  47.231  40.066  34.655  47.912  40.902  34.814
  47.789  39.129  34.654  46.216  40.043  35.801  46.740  39.877  36.743  45.520
  41.282  35.876  44.181  40.950  36.177  44.130  40.650  37.224  43.234  42.074
  35.993  42.662  42.356  34.779  42.938  41.779  33.909  41.754  43.356  34.668
  41.306  43.572  33.709  41.437  44.080  35.845  40.601  45.080  35.777  40.379
  45.507  36.665  40.086  45.265  34.928  41.992  43.839  37.016  42.884  42.822
  37.122  43.356  42.589  38.236  45.163  38.937  35.639  45.399  38.255  34.822
  43.886  39.699  35.355  43.805  39.856  34.279  43.006  39.199  35.760  44.975
  38.263  36.858  44.853  36.684  36.887  46.205  36.155  36.617  43.675  36.302
  36.087  44.528  36.504  38.435  45.480  36.849  39.421  46.095  37.679  39.072
  46.122  35.988  39.607  44.768  37.281  40.706  45.504  37.397  41.501  44.131
  38.536  40.529  42.743  38.406  40.793  42.521  38.770  41.796  41.962  39.210
  39.842  42.040  39.196  38.479  42.728  38.540  37.965  41.235  40.033  37.884
  40.571  40.648  38.955  39.563  41.663  38.968  39.062  42.232  37.996  39.151
  42.008  40.246  38.437  42.719  40.315  39.650  41.452  41.389  39.225  41.886
  42.550  38.506  42.595  42.572  39.575  41.469  43.400  40.594  40.514  41.413
  41.010  40.149  40.161  43.710  36.269  41.152  43.843  35.321  40.631  42.395
  36.923  40.744  42.109  36.557  39.758  41.589  36.755  41.459  43.807  36.080
  42.547  43.059  34.858  43.253  43.681  34.689  44.581  43.118  33.700  42.338
  41.542  35.340  43.386  41.098  36.277  44.358  41.702  37.185  44.334  41.164
  35.827  45.348  39.643  36.650  44.058  39.238  37.263  44.864  39.594  37.408
  42.863  38.358  37.079  42.281  37.570  37.526  42.887  38.211  37.581  40.905
  38.887  37.005  39.852  39.563  36.183  40.040  38.712  37.459  38.586  39.493
  36.807  37.464  39.239  35.748  37.404  39.233  37.279  36.517  40.563  36.924
  37.639  37.791  38.559  38.312  37.556  39.053  37.213  37.172  39.071  39.425
  36.516  39.827  39.286  37.320  38.641  40.713  36.679  39.180  41.613  38.728
  35.420  43.859  39.284  34.492  43.990  38.226  35.569  42.431  38.844  34.967
  41.766  37.172  35.317  42.319  37.584  35.455  44.674  37.072  34.148  45.439
  38.014  33.850  46.535  36.768  33.090  44.438  35.695  34.721  46.029  35.630
  35.898  46.839  36.520  36.512  46.698  35.572  35.625  47.893  34.394  36.735
  46.467  34.257  37.533  47.197  34.580  37.339  45.196  33.423  37.139  44.412
  32.762  38.004  44.478  33.785  36.977  43.008  34.687  36.105  42.488  35.239
  35.418  43.112  34.822  36.210  41.202  33.949  37.243  40.840  33.644  37.846
  39.572  34.126  37.605  38.466  32.657  38.809  39.654  32.404  39.262  38.787
  32.067  39.200  40.820  31.145  40.126  40.793  30.909  40.558  39.912  30.738
  40.441  41.662  32.323  38.666  42.008  33.284  37.698  41.952  33.109  35.891
  46.425  33.334  34.870  46.733  32.677  35.936  44.965  32.907  34.979  44.496
  31.622  36.186  44.848  32.092  36.422  47.252  30.727  35.609  47.533  30.126
  36.059  48.817  30.915  34.179  47.219  29.761  36.193  46.403  29.464  37.568
  46.458  30.397  38.128  46.394  29.028  37.767  47.437  28.519  38.051  45.361
  28.235  39.079  45.586  29.172  38.052  44.109  28.341  37.398  43.173  27.693
  38.121  42.678  29.159  36.769  42.137  30.133  35.827  42.292  30.385  35.425
  43.263  30.717  35.484  41.180  30.086  36.291  40.219  30.288  36.411  38.807
  31.113  35.811  38.120  29.416  37.299  38.199  29.513  37.423  37.202  28.477
  38.026  38.871  27.711  38.842  38.192  27.830  38.914  37.192  27.005  39.371
  38.683  28.259  37.936  40.182  29.106  37.059  40.798  27.251  37.195  45.242
  27.156  36.516  46.089  27.475  36.413  43.951  27.954  35.465  44.193  26.575
  36.209  43.372  26.141  38.061  45.197  24.661  37.519  45.378  24.013  38.432
  46.337  24.671  36.088  45.715  23.920  37.752  43.997  24.609  37.677  42.765
  24.982  36.670  42.580  25.416  38.409  42.759  23.693  37.951  41.596  23.414
  39.005  41.568  24.446  37.620  40.453  24.083  36.313  40.041  23.624  36.382
  39.055  25.284  35.494  39.892  26.004  34.814  40.835  25.718  34.790  41.875
  27.056  34.214  40.355  27.008  34.511  38.987  27.858  34.114  37.909  28.855
  33.391  37.991  27.456  34.624  36.684  28.007  34.383  35.872  26.355  35.409
  36.505  26.047  35.836  35.307  26.605  35.542  34.518  25.209  36.389  35.198
  25.538  35.771  37.483  25.923  35.295  38.700  22.472  37.020  41.604  22.111
  36.831  42.615  23.029  35.742  40.985  23.392  35.088  41.778  22.315  35.195
  40.368  21.440  37.590  40.838  20.047  36.829  40.619  19.039  37.833  40.226
  19.794  35.942  41.782  20.317  35.879  39.357  20.517  36.415  38.058  21.277
  37.196  38.079  19.578  36.844  37.708  20.971  35.323  37.090  21.030  35.730
  36.081  22.251  34.847  37.481  22.265  33.481  37.161  22.316  33.388  36.076
  23.422  32.760  37.742  23.439  32.383  39.060  22.621  32.667  39.705  24.487
  31.687  39.562  24.503  31.427  40.610  25.553  31.398  38.676  26.571  30.718
  39.133  27.301  30.561  38.452  26.655  30.482  40.111  25.548  31.729  37.402
  24.490  32.423  36.901  24.485  32.688  35.701  20.020  34.109  37.084  19.157
  34.277  37.727  20.892  32.970  37.591  20.747  32.858  38.665  20.713  32.035
  37.061  19.643  33.727  35.788  18.126  33.480  35.381  17.426  34.774  35.325
  17.614  32.410  36.286  18.425  32.949  33.908  18.967  33.822  32.912  19.641
  34.548  33.366  18.160  34.369  32.425  19.760  33.037  31.862  20.005  33.688
  31.023  20.969  32.557  32.423  20.968  31.144  32.364  21.578  30.818  31.521
  21.567  30.591  33.578  21.098  30.625  34.860  20.158  31.104  35.090  21.884
  30.058  35.740  22.968  29.636  34.951  24.173  28.948  35.301  24.512  28.581
  36.432  24.989  28.679  34.211  25.860  28.193  34.374  24.691  29.030  32.925
  25.539  28.760  31.966  26.394  28.262  32.168  25.309  29.019  31.017  23.582
  29.663  32.569  22.767  29.941  33.627  18.960  31.837  31.354  17.903  31.960
  31.592  19.554  30.651  32.101  18.947  30.443  32.982  19.654  29.755  31.489
  19.117  31.688  29.968  18.203  30.651  29.164  18.194  31.098  27.763  16.943
  30.445  29.917  19.079  29.315  29.275  20.332  29.217  28.622  20.929  30.109
  28.814  20.150  29.131  27.550  21.102  27.990  29.105  22.037  27.899  28.552
  21.401  28.078  30.487  21.455  26.758  30.967  22.407  26.320  30.667  21.370
  26.706  32.442  20.258  27.146  33.127  19.422  27.536  32.565  20.227  27.119
  34.487  18.999  27.637  35.202  18.131  27.051  34.901  19.136  27.532  36.278
  18.856  28.690  34.963  21.368  26.620  35.253  21.475  26.567  36.480  22.415
  26.194  34.481  23.222  25.807  34.948  22.482  26.201  33.116  23.478  25.749
  32.565  20.292  26.705  28.891  19.253  26.955  28.679  20.387  25.967  30.223
  19.410  25.950  30.705  20.784  24.958  30.112  20.851  25.918  27.856  20.269
  25.168  27.715
