Cpptraj Generated trajectory                                                    
  23.748  16.216  41.650  23.737  15.770  40.800  24.303  14.457  40.869  23.726
  13.831  41.549  25.326  14.524  41.239  24.365  13.762  39.496  24.890  12.811
  39.583  23.089  13.476  38.928  23.109  13.775  37.530  22.790  12.911  36.948
  22.162  14.878  37.211  21.631  15.659  38.215  21.980  15.524  39.228  20.664
  16.571  37.956  20.120  17.392  39.115  20.928  17.912  39.629  19.394  18.111
  38.733  19.634  16.739  39.840  20.158  16.749  36.594  19.287  17.547  36.262
  20.730  15.931  35.640  20.430  16.038  34.681  21.715  14.997  35.887  22.148
  14.311  34.968  25.141  14.611  38.503  24.882  15.665  38.598  24.584  14.027
  37.215  24.781  14.686  36.370  25.007  13.040  37.030  26.532  14.389  38.660
  27.601  15.473  38.176  28.962  14.971  38.489  27.191  16.808  38.659  27.370
  15.427  36.597  27.727  14.321  35.776  27.072  13.468  35.953  28.756  14.028
  35.982  27.618  14.770  34.312  27.964  13.981  33.644  26.270  15.086  33.988
  26.195  16.412  33.494  26.032  16.397  32.417  25.083  17.158  34.088  24.819
  17.398  35.410  25.461  17.017  36.191  23.740  18.101  35.631  23.296  18.361
  34.326  22.208  19.066  33.797  21.300  19.636  34.576  20.515  20.101  34.141
  21.369  19.485  35.572  22.049  19.160  32.480  22.945  18.596  31.671  22.790
  18.698  30.607  24.007  17.888  32.028  24.117  17.814  33.381  28.492  16.016
  34.113  28.980  16.268  35.054  27.518  17.114  33.720  27.516  17.881  34.494
  27.755  17.545  32.747  29.498  15.844  33.141  30.595  16.984  32.879  31.871
  16.289  32.557  30.599  17.917  34.020  30.016  17.735  31.585  29.595  17.007
  30.431  28.909  16.214  30.729  30.470  16.550  29.970  28.879  17.883  29.388
  28.662  17.286  28.502  27.650  18.366  29.909  27.594  19.777  29.749  27.093
  20.031  28.815  26.840  20.391  30.870  27.237  20.172  32.162  28.147  19.615
  32.327  26.494  20.623  33.203  26.806  20.439  34.221  25.319  21.344  32.883
  24.569  21.766  33.866  23.755  22.296  33.591  24.861  21.638  34.825  24.926
  21.589  31.649  25.674  21.123  30.611  25.300  21.367  29.466  29.741  19.077
  28.974  30.742  18.965  29.388  29.028  20.274  29.595  29.531  20.549  30.522
  28.975  21.128  28.921  29.831  19.180  27.569  30.941  20.128  26.894  31.119
  19.689  25.496  32.102  20.180  27.821  30.199  21.540  26.897  29.114  21.808
  26.015  28.349  21.036  26.102  29.481  21.832  24.989  28.480  23.157  26.345
  27.719  23.403  25.605  27.875  23.103  27.627  28.173  24.323  28.268  27.487
  25.095  27.918  28.005  24.197  29.720  28.858  23.642  30.634  29.802  23.207
  30.339  28.420  23.674  31.863  27.181  24.328  31.746  26.199  24.699  32.732
  26.225  24.520  33.958  25.086  25.330  32.193  24.374  25.645  32.837  24.934
  25.607  30.865  23.842  26.210  30.461  23.157  26.538  31.127  23.745  26.419
  29.478  25.820  25.289  29.930  26.920  24.647  30.431  29.520  24.283  26.365
  30.494  23.947  26.009  29.584  24.700  27.824  30.385  24.147  28.315  29.713
  25.776  27.940  29.051  25.378  25.632  29.880  25.958  24.408  29.744  25.051
  23.249  31.226  26.351  24.889  28.998  27.270  24.157  29.022  28.349  25.079
  29.418  29.217  24.553  29.677  28.125  25.921  27.640  28.707  25.633  26.904
  28.696  24.828  27.170  27.860  26.680  26.487  28.645  27.647  25.449  28.321
  27.734  27.107  28.472  28.987  28.379  27.980  29.142  28.990  27.830  28.264
  28.847  27.657  30.374  29.843  27.259  30.497  27.964  27.848  31.469  28.327
  27.516  32.673  27.680  27.694  33.428  29.274  27.195  32.814  26.748  28.331
  31.340  26.296  28.658  30.107  25.163  29.130  30.003  27.703  30.122  26.203
  28.603  30.284  26.797  26.468  30.067  27.082  26.474  30.869  27.820  25.571
  30.125  26.466  27.578  31.042  25.133  28.187  32.529  25.155  28.068  33.110
  23.803  29.513  32.537  25.811  27.191  33.300  26.141  25.790  33.375  25.910
  25.401  32.383  25.682  25.590  34.017  25.053  25.059  33.925  27.151  23.991
  33.972  26.941  25.269  33.054  28.264  25.833  33.777  29.349  25.033  34.075
  30.027  26.819  32.959  30.106  27.916  32.450  29.463  28.043  32.666  28.412
  28.807  31.674  30.124  29.661  31.269  29.601  28.560  31.433  31.500  29.405
  30.705  32.175  29.198  30.557  33.152  30.220  30.300  31.736  27.519  31.925
  32.149  26.627  32.696  31.472  25.676  33.161  32.105  25.541  35.331  27.550
  26.116  35.767  26.733  26.419  35.063  28.768  27.457  34.993  28.442  26.313
  35.829  29.536  24.463  36.189  27.881  24.662  37.788  28.019  23.350  38.460
  27.936  25.776  38.264  27.159  25.154  37.932  29.531  24.256  37.693  30.608
  23.693  36.779  30.423  23.567  38.534  30.683  24.995  37.537  31.935  24.288
  37.387  32.751  25.874  36.427  31.885  26.810  36.656  32.906  26.325  36.434
  33.857  28.032  35.837  32.809  28.698  35.704  31.624  28.315  36.220  30.756
  29.804  34.925  31.551  30.326  34.807  30.613  30.227  34.288  32.750  31.278
  33.517  32.715  31.550  33.087  33.587  31.804  33.403  31.861  29.609  34.428
  33.909  28.505  35.212  33.965  27.943  35.360  35.050  25.860  38.758  32.250
  26.123  39.266  31.322  27.085  38.146  32.908  27.977  38.469  32.370  27.126
  38.405  33.966  25.284  39.677  33.151  25.921  41.145  33.308  24.907  42.090
  32.796  27.282  41.168  32.715  26.013  41.398  34.901  25.979  40.378  35.897
  25.503  39.466  35.537  25.363  40.779  36.702  27.348  40.038  36.502  27.196
  39.620  37.497  28.091  39.081  35.806  29.381  39.106  36.340  29.405  38.497
  37.244  30.332  38.506  35.401  30.519  38.773  34.072  29.968  39.551  33.564
  31.392  38.000  33.486  31.819  37.176  34.537  32.758  36.138  34.651  33.494
  35.723  33.633  34.148  34.964  33.765  33.378  36.180  32.741  32.947  35.536
  35.826  32.244  35.933  36.880  32.425  35.418  37.812  31.332  36.890  36.924
  31.173  37.472  35.704  28.268  41.242  36.628  28.253  41.836  35.713  29.625
  40.548  36.768  30.366  41.084  36.175  29.924  40.467  37.813  27.861  41.998
  37.756  28.725  43.211  38.330  27.756  43.859  39.258  29.332  43.950  37.212
  29.887  42.476  39.155  29.620  41.633  40.263  28.897  40.866  39.983  29.204
  42.238  41.068  30.905  40.942  40.750  30.670  40.323  41.615  31.430  40.097
  39.734  32.841  40.209  39.728  33.254  39.507  40.452  33.414  39.907  38.389
  33.011  40.607  37.284  32.279  41.391  37.413  33.503  40.304  36.056  33.165
  40.840  35.182  34.452  39.252  35.981  34.945  38.930  34.816  35.597  38.158
  34.795  34.616  39.372  33.970  34.882  38.589  37.039  34.372  38.895  38.260
  34.803  38.283  39.238  32.001  41.936  41.165  31.659  42.960  41.019  33.167
  41.609  40.238  33.225  42.375  39.465  34.109  41.528  40.781  32.338  41.724
  42.522  33.264  42.735  43.362  32.918  42.626  44.786  33.263  44.084  42.762
  34.750  42.157  43.185  35.115  40.904  43.760  34.350  40.157  43.548  35.190
  41.017  44.842  36.457  40.396  43.216  36.741  39.474  43.723  36.347  40.133
  41.830  37.577  40.444  41.217  38.233  39.574  41.235  37.364  40.789  39.806
  36.543  41.741  39.268  35.941  42.385  39.892  36.554  41.782  37.963  37.434
  40.738  37.614  37.894  40.251  36.339  37.608  40.654  35.208  38.822  39.225
  36.447  39.169  38.837  35.581  39.271  38.720  37.631  40.156  37.756  37.622
  40.490  37.399  36.738  40.465  37.361  38.499  38.889  39.156  38.824  37.956
  40.153  38.746  37.570  41.431  43.414  37.124  42.387  43.687  38.251  41.524
  42.053  38.156  42.541  41.671  39.298  41.227  42.108  38.486  41.034  44.413
  39.530  42.071  45.057  39.885  41.541  46.389  38.958  43.442  44.925  40.810
  41.912  44.099  41.528  40.683  44.107  40.816  39.858  44.122  42.141  40.625
  45.006  42.414  40.502  42.878  42.818  39.490  42.869  41.627  40.665  41.719
  42.454  41.218  40.737  43.077  40.420  40.335  41.638  41.793  39.644  40.720
  42.784  39.869  40.605  43.158  40.875  39.961  43.261  38.848  39.225  44.031
  39.028  40.173  42.688  37.567  39.501  43.148  36.545  39.642  42.657  35.673
  38.730  43.786  36.677  41.059  41.741  37.334  41.794  41.260  38.368  42.625
  40.381  38.154  43.589  41.488  42.791  43.533  42.215  43.601  43.399  42.181
  41.443  42.998  43.183  41.593  44.315  42.211  40.852  44.829  40.794  42.800
  45.531  41.449  42.764  41.391  46.156  26.660  41.986  45.479  26.991  43.334
  45.659  26.570  43.663  46.684  26.742  43.380  45.450  25.501  44.306  44.709
  27.302  45.311  44.846  26.902  44.362  45.019  28.685  44.128  43.834  29.423
  45.095  43.416  29.703  43.395  44.090  30.678  43.837  43.833  31.950  44.758
  43.305  32.149  43.049  44.256  32.896  42.008  44.865  32.183  40.823  45.542
  32.550  40.450  45.718  33.809  39.586  46.197  34.018  41.033  45.284  34.510
  40.018  46.065  31.621  40.372  45.929  30.351  39.720  46.356  29.603  41.433
  45.320  29.860  42.223  44.795  30.834  43.932  43.227  27.135  43.109  43.125
  26.427  43.485  42.790  28.523  42.396  42.755  28.561  43.908  41.828  28.812
  45.047  42.485  26.680  44.859  41.031  26.022  46.042  40.754  25.183  43.542
  41.008  25.358  44.812  40.055  27.272  45.975  39.724  28.005  46.440  40.636
  28.380  46.673  39.201  27.351  45.619  38.818  29.186  46.536  38.477  29.666
  44.895  39.558  30.147  43.862  38.727  30.637  44.201  38.147  31.496  42.780
  39.591  31.103  41.880  40.314  30.377  41.835  40.247  29.300  41.134  41.102
  31.104  41.537  40.826  32.416  41.078  41.329  33.679  40.175  42.151  33.883
  41.782  40.806  34.755  41.500  41.092  35.681  42.788  39.890  34.637  43.422
  39.485  35.703  43.084  39.758  36.615  44.112  38.753  35.613  43.260  39.442
  33.485  42.569  39.921  32.414  44.806  37.575  28.786  44.610  37.568  27.714
  43.494  37.717  29.559  42.698  38.021  28.879  43.202  36.806  30.080  45.558
  36.433  29.152  45.043  34.940  28.871  46.262  34.072  28.834  44.098  34.957
  27.737  44.217  34.638  30.208  44.855  34.507  31.464  45.536  35.343  31.623
  45.413  33.570  31.463  43.840  34.484  32.610  44.364  34.318  33.552  43.144
  35.723  32.685  41.805  35.391  32.986  41.754  35.091  34.033  40.858  36.515
  32.802  40.286  36.797  31.588  40.562  36.220  30.718  39.378  37.797  31.477
  38.930  38.013  30.518  39.061  38.521  32.654  38.225  39.521  32.586  38.003
  39.948  33.474  37.710  39.706  31.737  39.616  38.280  33.825  40.508  37.263
  33.931  40.980  37.030  35.045  42.787  33.378  32.448  43.023  32.696  31.631
  41.510  34.140  32.164  41.429  34.297  31.088  40.630  33.640  32.569  42.599
  32.704  33.667  42.477  31.125  33.696  43.829  30.596  33.426  41.299  30.743
  32.896  42.152  30.945  35.244  43.104  31.290  36.230  43.719  32.120  35.881
  43.746  30.429  36.416  42.392  31.722  37.515  43.128  31.838  38.310  41.755
  32.977  37.338  40.367  32.847  37.602  40.145  33.211  38.605  39.586  33.651
  36.651  39.664  33.637  35.288  40.352  32.981  34.774  38.859  34.474  34.693
  38.195  35.089  35.764  37.187  36.104  35.777  36.686  36.673  34.805  36.775
  36.449  37.055  36.061  37.160  37.124  37.274  35.893  38.198  36.849  36.327
  39.359  36.130  37.036  39.381  37.199  35.910  40.209  38.218  34.955  38.222
  38.634  34.590  36.970  41.334  30.710  37.961  41.467  29.762  37.440  40.019
  31.364  37.553  39.733  30.998  36.567  39.213  31.196  38.268  41.431  30.521
  39.356  40.683  29.299  40.062  41.305  29.130  41.390  40.742  28.141  39.147
  39.166  29.781  40.195  38.722  30.718  41.167  39.326  31.626  41.143  38.788
  30.268  42.157  37.267  31.091  40.867  36.862  31.704  41.673  37.218  31.849
  39.672  35.982  31.520  39.090  35.194  31.967  39.696  35.835  32.022  37.714
  36.511  31.446  36.661  37.187  30.624  36.849  36.336  31.900  35.395  37.117
  31.248  34.273  36.863  30.189  34.213  36.857  31.720  33.326  38.187  31.365
  34.448  35.415  33.000  35.121  35.180  33.494  34.022  34.796  33.512  36.234
  34.140  34.268  36.095  34.944  33.082  37.522  34.303  33.621  38.422  36.352
  29.861  40.668  36.908  28.933  40.799  35.850  30.010  39.240  36.468  29.408
  38.575  34.796  29.758  39.128  35.208  29.896  41.483  34.696  28.589  42.248
  35.638  28.291  43.344  34.392  27.531  41.247  33.319  29.162  42.838  33.254
  30.339  43.648  34.144  30.953  43.507  33.196  30.066  44.702  32.018  31.176
  43.276  31.881  31.974  44.006  32.204  31.780  42.005  31.047  31.580  41.221
  30.386  32.445  41.287  31.409  31.418  39.817  32.311  30.546  39.297  32.863
  29.859  39.921  32.446  30.651  38.011  31.573  31.684  37.649  31.268  32.287
  36.381  31.750  32.046  35.275  30.281  33.250  36.463  30.028  33.703  35.596
  29.691  33.641  37.629  28.769  34.567  37.602  28.533  34.999  36.721  28.362
  34.882  38.471  29.947  33.107  38.817  30.908  32.139  38.761  30.733  30.332
  43.234  30.958  29.311  43.542  30.301  30.377  41.774  30.531  29.420  41.305
  29.246  30.627  41.657  29.716  30.863  44.061  28.351  30.050  44.342  27.750
  30.500  45.626  28.539  28.620  44.028  27.385  30.634  43.212  27.088  32.009
  43.267  28.021  32.569  43.203  26.652  32.208  44.246  26.143  32.492  42.170
  25.859  33.520  42.395  26.796  32.493  40.918  25.965  31.839  39.982  25.317
  32.562  39.487  26.783  31.210  38.946  27.757  30.268  39.101  28.009  29.866
  40.072  28.341  29.925  37.989  27.710  30.732  37.028  27.912  30.852  35.616
  28.737  30.252  34.929  27.040  31.740  35.008  27.137  31.864  34.011  26.101
  32.467  35.680  25.335  33.283  35.001  25.454  33.355  34.001  24.629  33.812
  35.492  25.883  32.377  36.991  26.730  31.500  37.607  24.875  31.636  42.051
  24.780  30.957  42.898  25.099  30.854  40.760  25.578  29.906  41.002  24.199
  30.650  40.181  23.765  32.502  42.006  22.285  31.960  42.187  21.637  32.873
  43.146  22.295  30.529  42.524  21.544  32.193  40.806  22.233  32.118  39.574
  22.606  31.111  39.389  23.040  32.850  39.568  21.317  32.392  38.405  21.038
  33.446  38.377  22.070  32.061  37.262  21.707  30.754  36.850  21.248  30.823
  35.864  22.908  29.935  36.701  23.628  29.255  37.644  23.342  29.231  38.684
  24.680  28.655  37.164  24.632  28.952  35.796  25.482  28.555  34.718  26.479
  27.832  34.800  25.080  29.065  33.493  25.631  28.824  32.681  23.979  29.850
  33.314  23.671  30.277  32.116  24.229  29.983  31.327  22.833  30.830  32.007
  23.162  30.212  34.292  23.547  29.736  35.509  20.096  31.461  38.413  19.735
  31.272  39.424  20.653  30.183  37.794  21.016  29.529  38.587  19.939  29.636
  37.177  19.064  32.031  37.647  17.671  31.270  37.428  16.663  32.274  37.035
  17.418  30.383  38.591  17.941  30.320  36.166  18.141  30.856  34.867  18.901
  31.637  34.888  17.202  31.285  34.517  18.595  29.764  33.899  18.654  30.171
  32.890  19.875  29.288  34.290  19.889  27.922  33.970  19.940  27.829  32.885
  21.046  27.201  34.551  21.063  26.824  35.869  20.245  27.108  36.514  22.111
  26.128  36.371  22.127  25.868  37.419  23.177  25.839  35.485  24.195  25.159
  35.942  24.925  25.002  35.261  24.279  24.923  36.920  23.172  26.170  34.211
  22.114  26.864  33.710  22.109  27.129  32.510  17.644  28.550  33.893  16.781
  28.718  34.536  18.516  27.411  34.400  18.371  27.299  35.474  18.337  26.476
  33.870  17.267  28.168  32.597  15.750  27.921  32.190  15.050  29.215  32.134
  15.238  26.851  33.095  16.049  27.390  30.717  16.591  28.263  29.721  17.265
  28.989  30.175  15.784  28.810  29.234  17.384  27.478  28.671  17.629  28.129
  27.832  18.593  26.998  29.232  18.592  25.585  29.173  19.202  25.259  28.330
  19.191  25.032  30.387  18.722  25.066  31.669  17.782  25.545  31.899  19.508
  24.499  32.549  20.592  24.077  31.760  21.797  23.389  32.110  22.136  23.022
  33.241  22.613  23.120  31.020  23.484  22.634  31.183  22.315  23.471  29.734
  23.163  23.201  28.775  24.018  22.703  28.977  22.933  23.460  27.826  21.206
  24.104  29.378  20.391  24.382  30.436  16.584  26.278  28.163  15.527  26.401
  28.401  17.178  25.092  28.910  16.571  24.884  29.791  17.278  24.196  28.298
  16.741  26.129  26.777  15.827  25.092  25.973  15.818  25.539  24.572  14.567
  24.886  26.726  16.703  23.756  26.084  17.956  23.658  25.431  18.553  24.550
  25.623  17.774  23.572  24.359  18.726  22.431  25.914  19.661  22.340  25.361
  19.025  22.519  27.296  19.079  21.199  27.776  20.031  20.761  27.476  18.994
  21.147  29.251  17.882  21.587  29.936  17.046  21.977  29.374  17.851  21.560
  31.296  16.623  22.078  32.011  15.755  21.492  31.710  16.760  21.973  33.087
  16.480  23.131  31.772  18.992  21.061  32.062  19.099  21.008  33.289  20.039
  20.635  31.290  20.846  20.248  31.757  20.106  20.642  29.925  21.102  20.190
  29.374  17.916  21.146  25.700  16.877  21.396  25.488  18.011  20.408  27.032
  17.034  20.391  27.514  18.408  19.399  26.921  18.475  20.359  24.665  17.893
  19.609  24.524  14.006  28.242  46.378  13.394  27.898  47.105  13.633  27.989
  45.474  14.067  29.248  46.448  15.358  27.675  46.528  15.632  27.142  45.618
  16.384  28.785  46.750  16.060  29.413  47.580  17.342  28.323  46.988  16.553
  29.641  45.495  17.041  29.044  44.725  15.585  29.982  45.128  17.402  30.865
  45.813  16.914  31.490  46.560  18.348  30.525  46.234  17.620  31.658  44.600
  16.840  32.098  44.134  18.790  31.857  44.040  19.870  31.345  44.563  19.870
  30.713  45.351  20.743  31.502  44.081  18.861  32.586  42.967  18.063  32.996
  42.502  19.786  32.716  42.581  15.379  26.659  47.662  15.697  27.029  48.790
  14.965  25.419  47.376  14.399  25.016  46.096  15.037  25.297  45.259  13.410
  25.460  45.980  14.265  23.506  46.183  15.234  23.060  45.958  13.479  23.122
  45.533  13.944  23.308  47.661  14.128  22.285  47.989  12.908  23.591  47.847
  14.876  24.316  48.336  14.417  24.670  49.259  16.211  23.650  48.719  16.208
  22.763  49.564  17.353  24.073  48.172  17.332  24.761  47.432  18.641  23.429
  48.464  18.500  22.601  49.158  19.246  22.859  47.176  19.465  23.679  46.493
  20.191  22.373  47.422  18.370  21.851  46.468  17.443  22.284  45.508  17.342
  23.338  45.295  16.587  21.364  44.874  15.837  21.714  44.180  16.670  19.997
  45.188  15.855  19.112  44.560  15.242  19.532  43.953  17.623  19.555  46.130
  17.698  18.501  46.351  18.472  20.481  46.768  19.203  20.139  47.486  19.595
  24.396  49.141  20.215  25.212  48.475  19.674  24.351  50.467  19.180  23.620
  50.959  20.622  25.165  51.223  20.818  26.090  50.682  20.000  25.512  52.572
  19.829  24.597  53.139  20.687  26.155  53.121  19.055  26.036  52.424  21.969
  24.461  51.399  22.016  23.240  51.545  23.051  25.235  51.417  22.951  26.235
  51.310  24.369  24.711  51.697  24.486  23.839  51.053  25.445  25.731  51.316
  25.345  25.997  50.263  25.336  26.616  51.941  27.088  25.026  51.588  27.753
  26.135  51.254  24.442  24.315  53.185  24.104  25.127  54.056  24.859  23.075
  53.478  25.137  22.025  52.512  25.750  22.385  51.685  24.195  21.629  52.133
  25.865  20.954  53.304  26.903  21.259  53.438  25.795  19.971  52.839  25.106
  21.035  54.628  25.649  20.560  55.446  24.118  20.590  54.508  24.951  22.541
  54.834  24.032  22.757  55.378  26.125  23.068  55.665  26.109  22.910  56.882
  27.132  23.694  55.049  27.113  23.812  54.046  28.249  24.275  55.801  28.657
  23.523  56.477  29.373  24.737  54.863  28.985  25.493  54.181  30.528  25.342
  55.661  30.933  24.605  56.355  31.319  25.671  54.987  30.178  26.202  56.233
  29.879  23.554  54.031  29.073  23.146  53.421  30.687  23.885  53.377  30.253
  22.773  54.692  27.713  25.424  56.641  27.173  26.382  56.098  27.808  25.332
  57.963  28.200  24.485  58.348  27.271  26.328  58.892  26.189  26.373  58.764
  27.553  25.906  60.342  27.034  26.622  60.978  27.106  24.927  60.516  29.033
  25.883  60.771  29.595  26.670  60.268  29.079  26.110  61.836  29.706  24.527
  60.520  29.621  23.654  61.410  30.310  24.371  59.435  27.768  27.754  58.638
  26.995  28.684  58.823  29.008  27.930  58.177  29.591  27.116  58.042  29.575
  29.250  57.886  29.314  29.925  58.701  31.099  29.147  57.804  31.513  30.139
  57.625  31.481  28.765  58.751  31.491  28.285  56.754  32.448  28.215  56.752
  29.036  29.870  56.596  29.159  31.075  56.397  28.464  29.059  55.705  28.351
  28.089  55.964  27.875  29.487  54.446  28.178  30.517  54.256  28.466  28.579
  53.355  29.536  28.776  53.286  28.302  27.543  53.651  27.728  28.798  51.722
  28.522  27.944  51.071  26.337  29.448  54.498  25.726  28.558  55.099  25.692
  30.348  53.750  26.230  31.099  53.341  24.225  30.412  53.659  23.837  29.444
  53.977  23.664  31.468  54.615  24.251  32.381  54.520  22.634  31.689  54.334
  23.647  30.975  56.059  22.737  30.166  56.369  24.550  31.375  56.820  23.698
  30.576  52.228  22.762  31.324  51.937  24.295  29.848  51.284  25.031  29.216
  51.564  23.832  29.842  49.894  23.458  30.837  49.654  24.971  29.487  48.939
  25.238  28.443  49.100  24.593  29.585  47.921  26.233  30.352  49.096  26.507
  30.432  50.148  27.048  29.877  48.550  26.064  31.777  48.583  25.314  32.275
  49.198  27.021  32.289  48.684  25.659  31.807  47.174  26.087  31.101  46.592
  24.939  32.736  46.581  24.504  33.768  47.254  24.833  33.847  48.205  24.043
  34.528  46.773  24.592  32.631  45.331  24.948  31.843  44.810  24.085  33.350
  44.835  22.693  28.851  49.724  22.740  27.748  50.265  21.679  29.217  48.943
  21.725  30.128  48.508  20.557  28.343  48.588  20.764  27.341  48.964  19.267
  28.875  49.218  19.167  29.929  48.959  18.431  28.317  48.795  19.203  28.718
  50.738  19.285  27.657  50.971  20.026  29.251  51.214  17.866  29.271  51.260
  18.002  30.319  51.529  17.109  29.224  50.477  17.368  28.523  52.425  17.401
  29.016  53.306  16.900  27.285  52.418  16.846  26.590  51.310  17.139  27.036
  50.453  16.500  25.641  51.293  16.511  26.703  53.516  16.532  27.214  54.387
  16.144  25.762  53.507  20.407  28.277  47.073  20.566  29.305  46.421  19.938
  27.153  46.541  19.809  26.357  47.149  19.830  26.915  45.103  19.902  27.870
  44.583  20.988  26.046  44.616  20.911  25.047  45.045  20.898  25.971  43.533
  22.347  26.607  44.946  22.923  27.567  44.099  22.411  27.887  43.204  24.172
  28.116  44.416  24.624  28.840  43.755  24.838  27.714  45.584  25.808  28.134
  45.806  24.262  26.753  46.436  24.791  26.436  47.323  23.013  26.197  46.115
  22.564  25.459  46.763  18.495  26.294  44.707  17.798  25.683  45.529  18.096
  26.530  43.463  18.713  27.052  42.857  16.866  26.021  42.857  16.035  26.173
  43.546  16.566  26.776  41.568  17.417  26.727  40.889  15.700  26.330  41.079
  16.262  28.101  41.924  16.213  28.596  41.103  16.922  24.544  42.514  15.937
  23.843  42.737  18.049  24.054  42.002  18.805  24.700  41.824  18.247  22.659
  41.629  17.316  22.120  41.802  18.613  22.533  40.150  19.641  22.866  40.013
  18.546  21.479  39.879  17.706  23.345  39.219  16.663  23.209  39.508  17.963
  24.402  39.293  17.867  22.897  37.771  17.422  21.910  37.646  17.313  23.600
  37.148  19.279  22.840  37.352  19.983  22.592  38.032  19.706  23.102  36.135
  18.871  23.518  35.217  17.875  23.564  35.376  19.210  23.697  34.283  20.974
  22.947  35.876  21.648  22.589  36.539  21.289  23.123  34.933  19.320  22.020
  42.484  20.271  22.665  42.916  19.213  20.708  42.646  18.438  20.211  42.232
  20.212  19.953  43.402  20.318  20.413  44.385  19.746  18.514  43.581  20.486
  17.976  44.173  18.784  18.496  44.094  19.597  17.911  42.316  19.358  16.991
  42.449  21.585  19.967  42.726  22.596  19.985  43.424  21.630  20.035  41.386
  20.757  20.056  40.879  22.890  20.062  40.635  23.469  19.170  40.875  22.624
  20.115  39.121  22.064  21.016  38.873  23.586  20.148  38.610  22.106  19.235
  38.737  23.718  21.298  41.000  24.944  21.241  41.091  23.025  22.419  41.223
  22.016  22.378  41.236  23.655  23.686  41.572  24.431  23.910  40.841  22.622
  24.815  41.574  21.880  24.586  42.339  23.139  25.741  41.827  21.905  25.016
  40.239  22.650  25.212  39.468  21.380  24.100  39.968  20.893  26.164  40.323
  19.904  26.015  41.089  21.093  27.140  39.576  24.294  23.609  42.958  25.387
  24.136  43.156  23.662  22.884  43.892  22.805  22.411  43.642  24.224  22.669
  45.219  24.519  23.644  45.606  23.172  22.049  46.156  22.347  22.757  46.239
  22.801  21.127  45.709  23.704  21.709  47.566  24.482  20.948  47.498  24.274
  22.942  48.269  23.509  23.714  48.343  24.630  22.661  49.260  25.123  23.328
  47.704  22.580  21.138  48.431  22.207  20.223  47.972  22.963  20.893  49.421
  21.782  21.870  48.550  25.479  21.809  45.136  26.487  22.141  45.742  25.453
  20.733  44.356  24.596  20.501  43.874  26.603  19.840  44.217  26.902  19.496
  45.207  26.232  18.623  43.362  25.947  18.953  42.363  27.405  17.654  43.260
  27.694  17.327  44.259  27.129  16.795  42.648  28.255  18.148  42.790  25.153
  17.932  43.957  24.938  17.181  43.399  27.802  20.562  43.607  28.935  20.376
  44.054  27.578  21.413  42.602  26.631  21.534  42.271  28.642  22.208  41.999
  29.452  21.534  41.718  28.092  22.913  40.761  27.655  22.169  40.095  27.309
  23.601  41.078  29.184  23.683  40.005  29.608  24.460  40.642  29.976  23.000
  39.697  28.591  24.340  38.768  29.395  24.760  38.163  28.058  23.599  38.173
  27.668  25.412  39.143  27.422  25.534  40.115  27.145  26.261  38.296  27.392
  26.179  37.013  28.004  25.478  36.621  26.985  26.831  36.358  26.358  27.170
  38.781  26.137  27.276  39.760  25.945  27.812  38.119  29.208  23.208  43.002
  30.422  23.281  43.117  28.341  23.911  43.733  27.354  23.769  43.572  28.722
  24.890  44.758  29.349  25.665  44.315  27.463  25.534  45.356  27.094  26.271
  44.643  26.691  24.779  45.504  27.713  26.243  46.669  28.266  27.502  46.755
  28.422  27.791  48.037  28.837  28.730  48.371  27.967  26.774  48.794  27.960
  26.740  49.804  27.531  25.775  47.945  27.156  24.803  48.228  29.519  24.251
  45.882  30.533  24.772  46.312  29.103  23.073  46.338  28.254  22.701  45.936
  29.748  22.332  47.426  29.640  22.899  48.350  29.062  20.952  47.553  28.778
  20.607  46.559  29.991  19.879  48.143  30.343  20.207  49.121  29.466  18.927
  48.231  30.860  19.735  47.501  27.769  21.068  48.381  27.146  21.865  47.976
  27.225  20.128  48.296  27.993  21.381  49.864  28.515  22.331  49.975  27.025
  21.443  50.362  28.579  20.591  50.335  31.255  22.190  47.215  32.012  22.185
  48.184  31.702  22.080  45.963  31.017  22.108  45.221  33.120  21.969  45.623
  33.519  21.080  46.110  33.281  21.861  44.108  32.656  22.604  43.611  34.320
  22.083  43.865  32.947  20.460  43.597  33.493  19.725  44.189  31.880  20.269
  43.704  33.372  20.321  42.130  34.143  21.056  41.898  33.813  19.335  41.983
  32.233  20.497  41.213  32.071  21.436  40.878  31.428  19.532  40.804  31.599
  18.294  41.204  32.344  18.104  41.859  30.968  17.565  40.905  30.445  19.797
  39.986  30.307  20.735  39.637  29.832  19.059  39.671  33.997  23.115  46.123
  35.181  22.862  46.335  33.468  24.316  46.357  32.483  24.476  46.199  34.263
  25.401  46.948  35.182  25.488  46.369  33.526  26.763  46.899  34.272  27.529
  47.111  32.943  27.053  45.505  32.184  26.317  45.240  32.475  28.038  45.482
  33.736  27.053  44.757  32.431  26.875  47.984  31.609  26.201  47.746  32.833
  26.597  48.959  31.889  28.289  48.166  31.430  28.649  47.245  31.137  28.271
  48.955  32.704  28.950  48.458  34.654  25.047  48.388  35.703  25.460  48.866
  33.802  24.273  49.072  32.949  23.993  48.609  33.988  23.866  50.461  34.506
  24.666  50.990  32.622  23.629  51.133  32.080  22.825  50.635  32.816  23.316
  52.158  31.765  24.869  51.194  32.177  26.031  51.832  31.174  26.900  51.722
  31.223  27.909  52.104  30.135  26.342  51.073  29.270  26.811  50.844  30.487
  25.051  50.732  29.876  24.329  50.211  34.863  22.626  50.580  35.716  22.538
  51.459  34.669  21.647  49.696  33.938  21.753  49.007  35.456  20.407  49.719
  35.636  20.135  50.759  34.707  19.255  49.040  35.282  18.340  49.181  33.320
  19.055  49.650  32.718  19.956  49.533  32.812  18.213  49.180  33.428  18.855
  50.716  34.569  19.483  47.650  34.069  18.750  47.282  36.826  20.570  49.075
  37.696  19.722  49.271  37.023  21.627  48.283  36.248  22.252  48.115  38.267
  21.894  47.572  38.245  22.922  47.210  39.092  21.766  48.273  38.492  20.964
  46.377  39.565  20.965  45.776  37.494  20.147  46.030  36.631  20.225  46.550
  37.557  19.210  44.922  38.483  18.641  45.014  36.369  18.247  45.030  36.457
  17.702  45.970  35.456  18.840  45.070  36.234  17.249  43.866  35.269  16.751
  43.960  36.248  17.783  42.915  37.307  16.165  43.854  37.816  15.800  42.810
  37.687  15.644  45.003  38.402  14.930  44.984  37.261  15.963  45.861  37.586
  19.944  43.583  36.723  20.769  43.280  38.539  19.546  42.739  39.188  18.841
  43.060  38.739  20.082  41.393  37.869  20.668  41.097  39.931  21.031  41.380
  40.813  20.490  41.720  40.081  21.355  40.351  39.711  22.265  42.262  38.815
  22.793  41.937  39.590  21.960  43.301  40.924  23.187  42.151  41.787  22.691
  42.595  41.119  23.399  41.099  40.642  24.495  42.885  39.746  24.946  42.458
  40.438  24.274  43.933  41.770  25.443  42.768  41.920  25.686  41.800  41.531
  26.306  43.235  42.612  25.056  43.172  38.914  18.927  40.400  40.040  18.499
  40.153  37.798  18.398  39.872  36.452  18.860  40.160  36.187  19.619  39.424
  36.342  19.264  41.167  35.582  17.628  40.017  34.543  17.894  39.826  35.676
  17.007  40.908  36.250  16.914  38.847  35.915  17.362  37.911  36.024  15.847
  38.866  37.749  17.186  39.047  38.194  16.357  39.599  38.457  17.282  37.688
  38.805  16.251  37.113  38.640  18.484  37.137  38.298  19.306  37.615  39.179
  18.658  35.788  39.211  17.689  35.289  38.246  19.547  34.963  38.365  20.590
  35.254  38.497  19.410  33.911  36.798  19.165  35.091  36.273  18.189  34.230
  36.901  17.765  33.460  34.942  17.771  34.376  34.532  17.037  33.699  34.142
  18.335  35.387  33.108  18.040  35.484  34.671  19.313  36.249  34.058  19.752
  37.022  36.001  19.733  36.098  36.415  20.482  36.757  40.614  19.165  35.808
  40.924  20.140  36.480  41.502  18.507  35.069  41.195  17.699  34.545  42.916
  18.867  35.004  43.102  19.718  35.659  43.748  17.685  35.516  43.401  17.435
  36.519  43.573  16.826  34.869  45.254  17.986  35.561  45.644  18.043  34.544
  45.403  18.952  36.044  46.053  16.926  36.319  45.703  15.760  36.370  47.160
  17.293  36.927  47.687  16.610  37.452  47.411  18.271  36.931  43.324  19.297
  33.598  42.968  18.657  32.610  44.109  20.369  33.510  44.388  20.831  34.364
  44.660  20.839  32.251  43.867  20.837  31.503  45.210  22.262  32.408  44.404
  22.929  32.714  45.998  22.263  33.160  45.903  22.855  30.842  46.250  24.059
  31.307  45.738  19.877  31.782  46.750  19.700  32.457  45.547  19.318  30.587
  44.688  19.531  30.101  46.508  18.408  29.957  46.656  17.546  30.606  45.907
  17.962  28.620  44.865  17.696  28.794  45.930  18.800  27.924  46.610  16.765
  27.967  47.599  17.060  27.615  46.707  15.953  28.687  45.750  16.303  26.784
  44.777  15.996  27.167  45.582  17.149  26.117  46.371  15.199  26.027  47.156
  15.444  25.441  46.009  13.926  26.069  45.051  13.521  26.867  44.573  14.216
  27.422  44.775  12.550  26.910  46.595  13.048  25.300  47.326  13.343  24.669
  46.356  12.067  25.345  47.879  19.059  29.782  48.873  18.351  29.762  47.915
  20.388  29.647  47.030  20.872  29.580  49.146  21.131  29.384  49.822  20.458
  28.857  48.898  22.353  28.471  48.121  22.993  28.889  50.187  23.181  28.355
  50.980  22.556  27.943  50.029  24.040  27.704  50.500  23.565  29.325  48.488
  21.909  27.055  48.702  22.718  26.356  49.086  21.045  26.766  47.000  21.569
  26.913  46.401  22.444  27.166  46.801  21.273  25.883  46.721  20.739  27.563
  49.897  21.504  30.657  51.047  21.107  30.815  49.305  22.321  31.536  48.374
  22.666  31.351  50.024  22.801  32.720  51.095  22.696  32.548  49.731  24.283
  32.951  50.401  24.631  33.737  49.928  24.850  32.041  48.015  24.535  33.480
  48.172  25.842  33.711  49.767  21.996  33.989  50.373  22.308  35.007  48.870
  21.007  33.950  48.363  20.851  33.091  48.509  20.154  35.088  47.845  19.377
  34.709  49.749  19.461  35.683  50.415  20.207  36.116  49.442  18.803  36.496
  50.526  18.652  34.645  50.983  19.332  33.926  51.328  18.126  35.162  49.509
  17.453  33.745  49.669  16.053  34.872  49.334  16.329  35.872  49.071  15.224
  34.494  50.719  15.763  34.913  47.705  20.837  36.184  47.377  20.184  37.173
  47.331  22.110  36.022  47.601  22.593  35.177  46.486  22.788  37.004  46.935
  22.626  37.984  46.438  24.286  36.709  47.460  24.666  36.712  46.002  24.431
  35.721  45.609  25.058  37.747  44.576  24.710  37.730  46.034  24.897  38.737
  45.624  26.549  37.421  46.664  26.872  37.371  45.159  26.703  36.448  44.913
  27.358  38.429  44.182  26.908  38.961  45.083  28.662  38.602  45.932  29.334
  37.861  46.410  28.840  37.122  46.018  30.336  37.954  44.446  29.303  39.545
  43.719  28.848  40.078  44.515  30.305  39.649  45.095  22.170  37.012  44.565
  21.824  35.954  44.514  22.049  38.199  45.018  22.346  39.023  43.166  21.527
  38.371  42.916  20.929  37.495  43.126  20.616  39.601  43.264  21.222  40.496
  42.159  20.116  39.654  44.212  19.564  39.561  45.251  19.717  40.179  44.005
  18.518  38.794  44.712  17.796  38.812  43.124  18.406  38.313  42.135  22.652
  38.478  42.434  23.727  39.000  40.906  22.358  38.073  40.744  21.441  37.681
  39.782  23.276  38.031  40.018  24.135  38.659  39.549  23.767  36.599  39.332
  22.912  35.959  38.679  24.423  36.588  40.721  24.519  36.021  41.747  23.817
  35.363  41.677  22.744  35.260  42.861  24.510  34.859  43.650  23.974  34.353
  42.938  25.906  35.013  43.776  26.459  34.616  41.907  26.605  35.660  41.952
  27.680  35.752  40.800  25.913  36.170  40.015  26.460  36.671  38.520  22.618
  38.572  38.294  21.411  38.434  37.691  23.429  39.216  37.900  24.417  39.256
  36.415  22.988  39.778  36.567  22.071  40.348  35.878  24.058  40.721  34.907
  23.750  41.110  36.573  24.210  41.546  35.751  25.233  39.967  35.390  25.915
  40.539  35.375  22.686  38.701  34.473  21.883  38.958  35.499  23.269  37.500
  36.234  23.951  37.374  34.511  23.130  36.427  33.888  22.261  36.639  33.622
  24.373  36.400  34.253  25.260  36.345  33.001  24.314  35.506  32.690  24.476
  37.614  31.843  23.807  37.465  33.210  24.190  38.529  32.185  25.899  37.820
  31.429  25.875  38.604  33.009  26.528  38.159  31.602  26.482  36.605  31.905
  26.154  35.699  30.783  27.505  36.590  30.386  28.020  37.718  30.787  27.721
  38.596  29.781  28.827  37.673  30.325  27.971  35.472  30.684  27.631  34.591
  29.731  28.786  35.417  35.113  22.890  35.047  36.222  23.325  34.745  34.353
  22.163  34.233  33.443  21.871  34.561  34.718  21.795  32.862  35.721  21.369
  32.866  33.731  20.756  32.331  34.043  20.467  31.327  33.726  19.883  32.983
  32.429  21.299  32.301  31.826  20.693  31.865  34.730  22.975  31.893  35.653
  23.077  31.091  33.756  23.877  31.972  32.992  23.732  32.615  33.703  25.059
  31.119  33.820  24.729  30.087  32.355  25.788  31.254  32.389  26.650  30.587
  31.578  25.123  30.877  31.960  26.242  32.681  32.324  25.574  33.677  31.213
  27.236  32.821  34.861  26.014  31.415  35.457  26.563  30.486  35.264  26.124
  32.685  34.725  25.663  33.403  36.417  26.944  33.062  36.338  27.892  32.529
  36.411  27.231  34.572  36.361  26.293  35.125  37.333  27.752  34.830  35.251
  28.101  34.967  34.596  28.935  34.066  33.664  29.582  34.759  32.983  30.307
  34.339  33.714  29.195  36.038  33.138  29.597  36.764  34.716  28.276  36.212
  35.009  27.825  37.148  37.728  26.320  32.613  38.674  27.023  32.274  37.786
  24.988  32.538  36.956  24.457  32.758  38.944  24.313  31.970  39.830  24.704
  32.470  38.845  22.805  32.229  38.935  22.638  33.302  37.864  22.455  31.906
  39.918  21.995  31.475  39.871  22.192  30.404  41.320  22.316  31.990  41.376
  22.105  33.058  42.046  21.722  31.435  41.530  23.373  31.827  39.670  20.507
  31.671  38.682  20.264  31.281  40.409  19.920  31.124  39.762  20.289  32.735
  39.049  24.619  30.474  40.134  24.880  29.965  37.927  24.573  29.765  37.068
  24.336  30.241  37.867  24.827  28.327  38.484  24.092  27.811  36.427  24.701
  27.822  35.760  25.311  28.433  36.299  25.132  26.360  36.955  24.521  25.740
  35.265  25.034  26.028  36.579  26.180  26.252  36.068  23.343  27.906  35.136
  23.278  27.688  38.417  26.198  27.980  39.244  26.312  27.074  37.975  27.243
  28.674  37.284  27.119  29.400  38.460  28.595  28.412  38.509  28.727  27.331
  37.508  29.654  28.978  37.890  30.642  28.721  36.113  29.484  28.371  35.708
  28.505  28.629  35.436  30.247  28.756  36.176  29.559  27.285  37.410  29.545
  30.373  36.797  30.201  30.713  39.883  28.778  28.918  40.656  29.449  28.238
  40.287  28.083  29.986  39.615  27.529  30.497  41.663  28.126  30.475  41.914
  29.162  30.704  41.832  27.263  31.733  41.415  27.794  32.589  41.297  26.322
  31.607  43.289  26.972  32.015  44.180  27.917  32.486  45.385  27.372  32.500
  46.259  27.914  32.830  45.313  26.096  32.077  46.092  25.456  32.007  43.997
  25.831  31.741  43.597  24.926  31.308  42.628  27.607  29.417  43.691  28.164
  29.184  42.286  26.508  28.747  41.425  26.050  29.010  43.173  25.900  27.753
  44.125  25.699  28.244  42.583  24.574  27.231  41.537  24.721  26.962  43.349
  24.087  25.985  44.402  23.959  26.239  42.934  23.157  25.596  43.263  24.815
  25.178  42.681  23.531  28.362  43.726  23.431  28.657  42.123  23.879  29.231
  42.144  22.149  27.979  42.722  21.730  27.155  42.236  21.479  28.834  41.097
  22.233  27.688  43.507  26.868  26.616  44.614  26.810  26.080  42.607  27.786
  26.263  41.731  27.812  26.765  42.867  28.791  25.224  43.123  28.272  24.300
  41.626  29.647  24.995  41.291  30.074  25.940  41.888  30.459  24.317  40.510
  28.811  24.375  40.885  28.307  23.484  40.179  28.063  25.095  39.328  29.697
  23.995  39.033  30.282  24.866  39.624  30.377  23.197  38.218  28.858  23.532
  38.461  28.149  22.855  36.956  28.927  23.911  36.523  29.877  24.696  37.185
  30.592  24.963  35.549  29.960  24.951  36.103  28.034  23.501  36.435  27.269
  22.932  35.131  28.075  23.772  44.041  29.710  25.539  44.667  30.225  24.615
  44.392  29.870  26.812  43.873  29.383  27.529  45.556  30.654  27.238  45.488
  31.634  26.766  45.578  30.853  28.763  46.319  31.616  29.002  44.217  31.314
  29.296  43.424  30.600  29.072  44.265  31.462  30.375  43.951  32.255  28.815
  46.032  29.690  29.420  45.783  29.766  30.344  46.862  29.992  26.800  47.886
  30.670  26.675  46.823  28.674  26.564  45.936  28.209  26.699  47.936  27.864
  26.089  48.865  28.297  26.461  47.801  26.422  26.613  46.850  25.987  26.306
  48.594  25.829  26.159  47.957  26.322  28.107  49.095  26.764  28.770  48.895
  26.524  30.062  49.602  26.800  30.831  47.720  25.901  30.250  47.335  25.654
  31.151  47.102  25.769  29.022  46.130  25.341  28.824  48.008  27.845  24.570
  49.078  28.002  23.991  46.869  27.613  23.922  46.030  27.468  24.466  46.778
  27.459  22.464  47.663  26.932  22.110  45.536  26.651  22.079  45.452  26.616
  20.992  45.627  25.225  22.619  45.688  25.234  23.707  44.752  24.654  22.309
  46.521  24.752  22.212  44.391  27.269  22.607  43.628  26.752  22.338  46.754
  28.779  21.711  47.105  28.802  20.536  46.370  29.885  22.351  46.012  29.799
  23.291  46.238  31.178  21.685  46.184  31.955  22.448  47.111  31.324  21.049
  44.985  31.272  20.813  44.859  32.170  19.978  44.058  30.337  20.999  44.213
  29.660  21.731  42.785  30.288  20.310  42.966  30.403  19.241  42.175  28.910
  20.556  42.814  28.176  20.065  42.176  28.726  21.630  40.741  28.758  20.040
  40.119  29.524  20.502  40.738  28.916  18.961  40.175  27.376  20.401  40.944
  26.392  20.305  39.018  27.344  20.888  41.876  31.418  20.787  41.648  31.608
  21.981  41.330  32.169  19.826  41.570  31.955  18.868  40.436  33.299  20.093
  40.061  33.235  21.114  41.193  34.610  19.995  41.633  34.683  19.001  40.467
  35.408  20.150  42.277  34.743  21.059  41.818  34.791  22.046  42.961  33.896
  21.010  43.060  36.019  20.785  43.586  35.912  19.837  42.380  36.870  20.743
  44.066  36.226  21.905  43.528  36.374  22.841  44.671  35.326  22.010  44.911
  37.394  21.605  44.326  38.214  21.524  45.563  37.538  22.362  45.410  37.236
  20.742  39.235  33.280  19.152  39.289  33.904  18.088  38.176  32.552  19.530
  38.115  31.715  20.718  37.601  32.259  21.511  39.094  31.391  21.072  37.316
  30.504  20.281  36.874  29.988  21.134  37.960  29.836  19.709  36.277  31.134
  19.352  35.436  31.499  19.942  35.937  30.413  18.608  37.000  32.320  18.694
  37.328  32.031  17.696  36.061  33.530  18.549  35.202  33.520  17.672  36.193
  34.575  19.377  36.898  34.541  20.100  35.247  35.698  19.385  34.419  35.466
  18.714  34.661  35.911  20.782  35.417  36.333  21.443  33.839  36.623  20.707
  34.142  34.650  21.410  32.823  34.241  21.158  32.178  34.824  20.518  32.350
  33.054  21.734  31.334  32.733  21.557  33.195  32.276  22.544  32.816  31.365
  22.984  34.519  32.681  22.782  35.171  32.081  23.400  34.993  33.873  22.215
  36.011  34.185  22.392  35.871  36.987  18.886  36.745  37.551  19.540  35.384
  37.498  17.761  34.640  37.014  17.279  35.864  38.752  17.199  36.768  39.046
  17.733  36.240  38.539  15.736  35.352  38.268  15.165  36.659  39.462  15.335
  36.976  37.739  15.654  34.854  39.886  17.378  33.644  39.681  17.349  35.366
  41.098  17.577  36.372  41.179  17.612  34.551  42.300  17.632  33.745  42.137
  18.348  35.422  43.479  18.096  35.780  43.282  19.107  36.274  43.579  17.425
  34.495  45.037  18.085  35.507  45.796  18.514  33.946  42.551  16.250  34.687
  42.611  15.269  32.640  42.792  16.177  32.065  42.713  17.004  31.977  43.070
  14.894  32.199  42.268  14.190  30.464  43.153  15.103  30.274  43.787  15.969
  30.019  43.630  14.230  29.796  41.795  15.306  30.390  40.780  14.872  28.719
  41.807  15.941  32.445  44.384  14.265  32.403  44.568  13.048  32.894  45.321
  15.103  32.821  45.127  16.092  33.295  46.651  14.657  32.743  46.879  13.744
  32.909  47.700  15.716  33.274  47.376  16.691  33.519  49.072  15.389  33.161
  49.404  14.415  33.238  49.806  16.144  34.608  49.022  15.378  31.372  47.801
  15.758  31.024  48.253  14.829  30.937  46.805  15.834  30.848  48.620  16.939
  31.218  49.644  16.889  29.759  48.644  16.895  31.163  48.157  17.874  34.756
  46.723  14.237  35.021  47.260  13.165  35.694  46.212  15.043  35.411  45.783
  15.913  37.122  46.329  14.725  37.231  46.887  13.795  37.827  47.132  15.822
  38.831  47.364  15.467  37.293  48.067  15.987  37.941  46.208  17.380  38.659
  47.153  17.994  37.829  45.007  14.436  39.011  45.008  14.108  37.148  43.873
  14.583  36.169  43.898  14.829  37.729  42.568  14.290  36.923  41.840  14.197
  38.265  42.644  13.344  38.718  42.066  15.341  39.312  41.004  15.161  38.919
  42.790  16.452  38.447  43.676  16.558  39.793  42.315  17.522  40.764  42.097
  17.079  39.951  43.404  18.580  40.433  44.265  18.118  38.976  43.682  18.980
  40.823  42.905  19.719  40.250  42.238  20.364  41.654  42.358  19.273  41.351
  44.081  20.539  42.129  44.594  19.972  40.532  44.778  20.717  41.897  43.669
  21.836  41.650  44.243  22.630  42.722  42.671  22.091  43.128  41.806  21.189
  42.807  41.930  20.239  43.704  41.023  21.465  43.169  42.560  23.294  42.856
  43.120  24.074  43.662  41.737  23.609  39.243  41.020  18.105  38.055  40.955
  18.411  40.109  40.016  18.246  41.066  40.169  17.963  39.733  38.694  18.757
  38.661  38.557  18.617  40.469  37.603  17.983  41.523  37.871  17.918  40.368
  36.657  18.516  39.888  37.401  16.586  38.886  36.981  16.674  39.844  38.356
  16.062  40.777  36.436  15.804  41.798  36.817  15.804  40.758  35.453  16.276
  40.274  36.318  14.369  39.416  35.645  14.351  39.936  37.296  14.028  41.345
  35.820  13.486  41.638  34.908  13.804  40.993  35.748  12.542  42.125  36.462
  13.514  39.991  38.533  20.246  40.954  39.092  20.771  39.198  37.667  20.856
  38.459  37.239  20.315  39.226  37.334  22.267  40.207  37.592  22.665  38.163
  38.128  23.026  37.170  37.829  22.692  38.256  37.879  24.083  38.300  39.618
  22.866  39.153  40.326  23.724  39.678  39.805  24.512  39.318  41.708  23.563
  39.969  42.240  24.241  38.632  42.379  22.536  38.766  43.444  22.416  37.777
  41.669  21.671  37.250  42.179  20.878  37.613  40.284  21.837  36.972  39.723
  21.173  38.992  35.848  22.484  38.323  35.182  21.686  39.572  35.341  23.565
  40.061  35.957  24.199  39.414  33.958  23.980  39.544  33.312  23.111  40.510
  33.636  24.993  40.397  34.261  25.878  40.429  32.590  25.288  41.494  33.811
  24.556  38.022  33.671  24.561  37.536  32.547  24.413  37.357  34.658  25.171
  37.857  35.517  25.352  36.038  34.508  25.794  35.630  33.542  25.500  36.153
  34.536  27.326  36.650  35.455  27.634  35.142  34.509  27.733  36.922  33.339
  27.897  36.421  32.429  27.567  37.929  33.336  27.481  37.046  33.278  29.430
  36.438  32.451  29.797  38.090  33.062  29.656  36.653  34.496  30.165  35.944
  35.095  29.768  37.058  34.812  31.380  37.928  34.059  31.992  38.255  33.199
  31.574  38.195  34.301  32.935  36.631  35.885  31.980  35.905  36.443  31.555
  36.876  36.097  32.937  35.033  35.550  25.324  35.357  36.692  24.995  33.773
  35.145  25.275  33.547  34.204  25.564  32.674  36.018  24.855  32.900  36.417
  23.866  31.387  35.211  24.782  30.567  35.848  24.450  31.503  34.367  24.102
  31.141  34.772  26.084  30.408  34.153  26.038  32.447  37.202  25.799  32.109
  38.287  25.314  32.686  37.052  27.105  32.913  36.137  27.468  32.554  38.142
  28.068  31.612  38.650  27.862  32.506  37.614  29.510  32.278  38.455  30.164
  31.683  36.903  29.583  33.807  36.931  29.966  34.128  35.847  29.432  34.552
  37.491  30.798  33.680  39.167  27.891  33.467  40.368  28.077  34.836  38.744
  27.367  34.936  37.767  27.129  35.905  39.669  27.018  36.090  40.318  27.874
  37.188  38.928  26.642  36.965  38.176  25.884  37.868  39.658  26.204  37.885
  38.257  27.822  38.128  39.020  28.562  37.211  37.532  28.278  39.162  37.571
  27.329  39.039  36.498  26.686  40.230  38.200  27.483  35.486  40.518  25.821
  35.634  41.745  25.819  34.895  39.876  24.804  34.765  38.879  24.890  34.399
  40.574  23.625  35.227  41.149  23.211  33.896  39.566  22.590  34.677  38.837
  22.371  33.059  39.029  23.035  33.472  40.265  21.280  33.087  41.266  21.478
  34.340  40.363  20.628  32.370  39.484  20.561  32.069  40.015  19.658  32.771
  38.514  20.270  31.191  39.336  21.436  30.899  40.149  21.959  30.544  38.210
  21.681  30.795  37.116  21.006  31.535  37.126  20.319  30.272  36.274  21.200
  29.643  38.186  22.623  29.498  38.982  23.227  29.121  37.345  22.820  33.297
  41.545  24.035  33.313  42.693  23.606  32.344  41.120  24.865  32.403  40.165
  25.186  31.237  41.952  25.349  30.663  42.300  24.489  30.340  41.100  26.254
  29.990  40.239  25.683  30.924  40.738  27.100  29.129  41.871  26.797  29.449
  42.557  27.581  28.662  42.440  25.993  28.122  40.873  27.373  27.753  40.227
  26.576  28.626  40.242  28.105  26.935  41.539  28.067  26.294  40.744  28.448
  27.294  42.107  28.925  26.152  42.399  27.150  25.787  41.823  26.405  25.354
  42.770  27.646  26.722  43.133  26.757  31.736  43.181  26.099  31.220  44.282
  25.876  32.735  43.026  26.969  33.092  42.097  27.141  33.340  44.142  27.693
  32.548  44.675  28.219  34.338  43.593  28.719  33.843  42.843  29.336  35.167
  43.117  28.195  34.871  44.706  29.632  35.393  45.457  29.039  34.035  45.178
  30.149  35.835  44.160  30.678  36.128  44.973  31.343  35.336  43.394  31.271
  37.042  43.595  30.062  37.089  43.511  29.057  38.068  43.146  30.748  38.086
  43.189  32.057  37.296  43.545  32.575  38.863  42.811  32.581  39.073  42.662
  30.083  39.096  42.554  29.079  39.837  42.269  30.614  34.002  45.107  26.715
  33.863  46.315  26.885  34.637  44.581  25.666  34.693  43.574  25.603  35.304
  45.363  24.634  35.875  46.153  25.122  36.261  44.489  23.817  37.160  44.347
  24.417  35.819  43.511  23.624  36.689  45.115  22.509  37.796  45.946  22.387
  37.844  46.323  21.110  38.609  46.974  20.713  36.836  45.769  20.414  36.697
  45.864  19.419  36.084  45.009  21.284  35.185  44.457  21.054  34.347  46.081
  23.708  34.542  47.254  23.498  33.305  45.474  23.154  33.168  44.489  23.331
  32.496  46.140  22.113  33.137  46.364  21.260  31.359  45.228  21.650  30.665
  45.068  22.475  30.612  45.833  20.466  31.313  45.994  19.648  29.805  45.173
  20.148  30.174  46.791  20.746  31.891  43.995  21.217  31.163  43.431  20.947
  31.920  47.475  22.589  31.764  48.409  21.807  31.678  47.584  23.895  31.942
  46.794  24.465  31.194  48.785  24.572  30.184  49.004  24.223  31.205  48.483
  26.066  31.404  47.420  26.205  32.017  49.037  26.536  29.896  48.840  26.771
  29.638  49.881  26.579  29.094  48.200  26.405  30.088  48.629  28.278  30.879
  49.298  28.617  29.170  48.890  28.803  30.493  47.186  28.610  31.418  46.956
  28.081  30.703  47.111  29.677  29.440  46.227  28.206  29.276  46.308  27.213
  29.728  45.278  28.397  28.583  46.431  28.700  32.047  50.031  24.322  31.496
  51.121  24.228  33.367  49.881  24.212  33.767  48.957  24.298  34.283  51.013
  24.021  34.090  51.747  24.803  35.759  50.571  24.107  36.355  51.481  24.170
  36.016  49.764  25.396  35.437  48.840  25.389  37.073  49.519  25.497  35.735
  50.364  26.261  36.213  49.833  22.823  35.644  48.919  22.657  36.034  50.463
  21.952  37.701  49.498  22.827  37.946  48.844  23.664  37.943  48.985  21.896
  38.272  50.424  22.899  34.037  51.747  22.708  34.422  52.889  22.580  33.394
  51.124  21.720  33.087  50.170  21.844  33.098  51.813  20.463  33.977  52.393
  20.182  32.797  50.787  19.373  31.943  50.179  19.671  32.542  51.330  18.463
  33.989  49.925  19.067  35.193  50.440  18.600  36.012  49.402  18.452  37.033
  49.506  18.114  35.385  48.255  18.771  35.793  47.331  18.736  34.100  48.565
  19.166  33.331  47.880  19.489  31.961  52.824  20.572  31.689  53.547  19.616
  31.260  52.834  21.708  31.585  52.257  22.470  30.338  53.905  22.029  29.759
  54.159  21.141  29.407  53.477  23.172  30.032  53.237  24.033  28.790  54.336
  23.436  28.490  52.278  22.889  29.082  51.416  22.584  27.736  51.918  24.173
  27.144  52.770  24.505  27.080  51.066  23.997  28.455  51.668  24.953  27.479
  52.600  21.788  28.008  52.818  20.860  26.830  51.740  21.619  26.876  53.461
  22.074  31.161  55.112  22.473  30.905  56.222  22.005  32.109  54.847  23.397
  32.201  53.880  23.676  33.117  55.795  23.901  33.629  56.233  23.044  32.357
  56.897  24.682  31.534  57.286  24.082  31.913  56.479  25.586  33.275  58.077
  25.019  34.296  57.864  24.703  32.951  58.928  24.420  33.232  58.483  26.514
  33.799  59.407  26.625  32.187  58.657  26.770  33.794  57.522  27.494  33.149
  56.835  27.857  35.087  57.221  27.653  36.018  57.800  26.924  35.667  58.324
  26.135  36.932  57.373  26.876  35.456  56.247  28.455  34.737  55.720  28.930
  36.400  55.890  28.420  34.317  55.221  24.696  35.387  54.914  24.155  34.402
  55.499  25.886
