# p004
CH SEQ() RES   ENERGY  PROPENSITY COMSERV   COMBINED1 COMBINED2  RA 
A   1    M     -0.67      1.57      6.00     18.35      6.44     70.74
A   2    E      0.31     -0.55      0.00     -2.97     -1.33     62.05
A   3    Y     -3.30      0.94      0.00      2.32     -0.49     24.90
A   4    R      0.73      0.22      0.00      2.05      1.39     75.20
A   5    L     -5.05      0.04      1.00     -3.24     -4.55      3.32
A   6    K     -0.19     -0.59      0.00     -3.72     -1.95     59.25
A   7    A     -1.48     -0.02      2.00      1.60     -0.74      2.26
A   8    Y     -1.36      1.69      0.00      8.79      3.71     44.95
A   9    Y     -2.47      0.89      0.00      2.85      0.19     23.55
A  10    R     -2.85      0.05      3.00      2.25     -1.50     17.44
A  11    E      0.08     -0.76      0.00     -4.46     -2.19     86.02
A  12    G      1.34      0.04      0.00      1.60      1.47    100.00
A  13    E     -0.38     -0.46      0.00     -3.15     -1.76     52.33
A  14    K      1.44     -0.80      0.00     -3.39     -0.97     81.13
A  15    P      1.52     -0.33      0.00     -0.44      0.54     59.01
A  16    S      0.79     -0.56      0.00     -2.57     -0.89     74.69
A  17    A     -0.33     -0.58      0.00     -3.80     -2.06     62.69
A  18    L     -4.85      0.15      2.00     -0.76     -3.61     13.97
A  19    R     -2.08      0.10      3.00      3.33     -0.58     35.32
A  20    R      0.63      0.22      0.00      1.97      1.30     76.30
A  21    A     -0.36     -0.62      0.00     -4.09     -2.23     67.32
A  22    G     -0.43      0.03      1.00      1.38      0.07     81.67
A  23    K     -2.29     -0.38      0.00     -4.55     -3.42     37.94
A  24    L     -5.43      0.02      0.00     -5.28     -5.36      2.27
A  25    P     -3.02     -0.02      2.00      0.04     -2.29      4.19
A  26    G     -1.04      0.00      0.00     -1.03     -1.04      5.10
A  27    L     -1.56      0.28      0.00      0.15     -0.71     26.58
A  28    M     -4.78      0.07      0.00     -4.33     -4.56      3.37
A  29    Y     -2.63      1.29      3.00      9.93      2.45     34.36
A  30    N     -3.73     -0.03      0.00     -3.91     -3.82     12.15
A  31    R      0.73      0.20      0.00      1.96      1.35     70.28
A  32    H      0.28      1.04      0.00      6.53      3.40     66.57
A  33    L     -1.11      0.39      0.00      1.20      0.05     36.11
A  34    N      0.08     -0.17      0.00     -0.93     -0.43     67.77
A  35    R     -2.04      0.17      0.00     -1.01     -1.53     58.86
A  36    K      0.44     -0.45      0.00     -2.25     -0.91     45.23
A  37    V     -3.90      0.01      0.00     -3.84     -3.87      3.67
A  38    Y     -4.97      1.07      0.00      1.45     -1.76     28.43
A  39    V     -3.87      0.01      2.00     -0.63     -3.05      2.29
A  40    D     -1.53     -0.18      0.00     -2.62     -2.08     31.76
A  41    L     -2.44      0.24      0.00     -1.01     -1.73     22.29
A  42    V      2.01      0.25      0.00      3.54      2.78     91.25
A  43    E     -0.54     -0.32      1.00     -0.86     -1.10     36.36
A  44    F     -7.13      0.08      0.00     -6.64     -6.88      2.74
A  45    D     -0.89     -0.29      0.00     -2.66     -1.78     51.68
A  46    K     -0.19     -0.88      1.00     -3.88     -2.43     89.11
A  47    V     -3.32      0.05      0.00     -3.01     -3.16     18.89
A  48    F     -2.71      1.01      0.00      3.34      0.32     33.67
A  49    R      0.24      0.24      1.00      3.27      1.35     82.05
A  50    Q     -0.39     -0.41      0.00     -2.84     -1.62     59.66
A  51    A     -1.74     -0.00      0.00     -1.74     -1.74      0.00
A  52    S      0.08     -0.51      0.00     -2.99     -1.45     68.21
A  53    I     -0.69      1.10      0.00      5.93      2.62     44.78
A  54    H     -3.60      0.31      0.00     -1.71     -2.65     20.09
A  55    H     -1.98      0.45      0.00      0.72     -0.63     28.79
A  56    V     -2.46      0.05      0.00     -2.18     -2.32     16.69
A  57    I     -5.20      0.08      2.00     -1.51     -4.15      3.29
A  58    V     -2.77      0.09      0.00     -2.24     -2.50     31.77
A  59    L     -6.04      0.01      2.00     -2.77     -5.21      1.10
A  60    E     -1.55     -0.44      0.00     -4.20     -2.87     49.98
A  61    L     -5.36      0.01      0.00     -5.28     -5.32      1.25
A  62    P     -0.24     -0.22      0.00     -1.53     -0.88     39.09
A  63    D     -0.77     -0.25      0.00     -2.28     -1.53     44.30
A  64    G     -0.30      0.04      0.00     -0.07     -0.19     91.05
A  65    Q     -0.47     -0.39      0.00     -2.79     -1.63     56.45
A  66    S      0.84     -0.49      0.00     -2.11     -0.63     65.73
A  67    L     -3.61      0.19      0.00     -2.45     -3.03     18.11
A  68    P     -0.18     -0.31      0.00     -2.03     -1.10     55.56
A  69    T     -4.40     -0.01      0.00     -4.44     -4.42      0.87
A  70    L     -4.68      0.06      1.00     -2.71     -4.09      5.85
A  71    V     -3.50      0.00      0.00     -3.47     -3.49      1.73
A  72    R     -1.44      0.13      0.00     -0.67     -1.06     44.03
A  73    Q      2.25     -0.41      0.00     -0.21      1.02     59.76
A  74    V     -2.37      0.05      1.00     -0.50     -1.83     16.43
A  75    N     -1.48     -0.12      0.00     -2.22     -1.85     49.69
A  76    L      0.71      0.68      0.00      4.79      2.75     63.62
A  77    D     -0.39     -0.16      1.00      0.28     -0.45     27.17
A  78    K      1.93     -0.96      0.00     -3.84     -0.96     97.08
A  79    R      2.31      0.29      0.00      4.05      3.18     99.54
A  80    R      2.79      0.25      0.00      4.29      3.54     85.76
A  81    R      2.15      0.29      0.00      3.90      3.02    100.00
A  82    R      0.15      0.15      0.00      1.03      0.59     50.15
A  83    P     -2.51     -0.11      0.00     -3.17     -2.84     19.82
A  84    E     -1.18     -0.43      0.00     -3.76     -2.47     48.89
A  85    H     -1.41      0.52      3.00      6.50      1.34     33.15
A  86    V     -4.55      0.01      1.00     -2.90     -4.12      2.49
A  87    E     -0.80     -0.14      0.00     -1.63     -1.22     15.70
A  88    F     -6.38      0.06      3.00     -1.25     -5.01      1.85
A  89    F     -3.69      0.82      0.00      1.24     -1.23     27.39
A  90    V     -4.28      0.02      0.00     -4.18     -4.23      5.75
A  91    L     -5.37      0.05      0.00     -5.10     -5.23      4.24
A  92    S     -0.24     -0.17      0.00     -1.25     -0.75     22.62
A  93    D      0.94     -0.44      0.00     -1.72     -0.39     77.56
A  94    E      0.26     -0.35      0.00     -1.82     -0.78     39.21
A  95    P     -0.82     -0.30      0.00     -2.62     -1.72     54.12
A  96    V     -3.07      0.04      1.00     -1.26     -2.57     13.14
A  97    E     -0.87     -0.53      0.00     -4.07     -2.47     60.69
A  98    M     -5.05      0.08      0.00     -4.59     -4.82      3.42
A  99    Y     -1.63      2.16      0.00     11.31      4.84     57.32
A 100    V     -3.92      0.00      3.00      0.89     -2.72      0.78
A 101    P     -1.35     -0.22      1.00     -1.10     -1.62     40.58
A 102    L     -5.10      0.00      0.00     -5.08     -5.09      0.32
A 103    R     -1.14      0.20      0.00      0.03     -0.55     67.08
A 104    F     -3.70      0.43      0.00     -1.14     -2.42     14.21
A 105    V     -1.09      0.14      1.00      1.33     -0.28     49.25
A 106    G     -0.31      0.02      1.00      1.42      0.16     50.31
A 107    T     -0.02     -0.54      0.00     -3.24     -1.63     73.59
A 108    P     -1.15     -0.02      0.00     -1.28     -1.22      4.17
A 109    A     -0.51     -0.56      0.00     -3.85     -2.18     60.23
A 110    G     -0.23      0.00      1.00      1.37      0.17      0.00
A 111    V     -0.75      0.10      2.00      3.08      0.37     37.74
A 112    R     -0.37      0.23      0.00      1.00      0.31     78.20
A 113    A     -0.22     -0.48      0.00     -3.10     -1.66     51.91
A 114    G     -0.67      0.04      1.00      1.15     -0.16     86.86
A 115    G     -0.88      0.00      1.00      0.72     -0.48      0.00
A 116    V     -1.53      0.13      2.00      2.45     -0.34     46.70
A 117    L     -2.16      0.29      2.00      2.79     -0.48     27.29
A 118    Q     -2.01     -0.21      1.00     -1.65     -2.23     30.15
A 119    E      0.49     -0.47      0.00     -2.34     -0.92     53.53
A 120    I     -1.08      1.24      0.00      6.35      2.63     50.29
A 121    H     -2.17      0.55      0.00      1.10     -0.53     34.84
A 122    R      1.10      0.27      0.00      2.74      1.92     93.88
A 123    D     -0.31     -0.18      0.00     -1.38     -0.84     31.27
A 124    I     -3.94      0.08      0.00     -3.46     -3.70      3.26
A 125    L     -1.79      0.28      0.00     -0.14     -0.97     25.74
A 126    V     -4.39      0.00      2.00     -1.19     -3.59      0.20
A 127    K     -2.78     -0.56      0.00     -6.16     -4.47     56.94
A 128    V     -4.18      0.00      0.00     -4.17     -4.17      0.85
A 129    S      0.10     -0.41      0.00     -2.36     -1.13     54.69
A 130    P     -1.68     -0.12      1.00     -0.80     -1.64     21.73
A 131    R      1.25      0.27      0.00      2.87      2.06     92.63
A 132    N     -1.59     -0.12      0.00     -2.32     -1.95     48.90
A 133    I     -2.53      0.32      3.00      4.20     -0.36     13.07
A 134    P     -2.69     -0.04      2.00      0.26     -2.02      7.38
A 135    E     -0.73     -0.45      0.00     -3.40     -2.06     50.53
A 136    F     -0.65      1.54      0.00      8.59      3.97     51.35
A 137    I     -6.08      0.04      3.00     -1.02     -4.75      1.78
A 138    E     -0.15     -0.56      1.00     -1.92     -1.44     63.75
A 139    V     -4.29      0.01      2.00     -1.06     -3.47      2.22
A 140    D     -1.22     -0.30      2.00      0.15     -1.33     53.26
A 141    V     -3.60      0.01      1.00     -1.95     -3.18      3.35
A 142    S      0.19     -0.39      2.00      1.06     -0.17     51.74
A 143    G      1.39      0.04      0.00      1.63      1.51     97.70
A 144    L     -4.20      0.12      2.00     -0.28     -3.04     11.15
A 145    E      1.16     -0.55      0.00     -2.15     -0.49     62.79
A 146    I     -1.30      0.74      2.00      6.36      1.73     30.18
A 147    G     -1.05      0.03      1.00      0.76     -0.54     80.81
A 148    D      0.77     -0.28      1.00      0.69      0.33     49.13
A 149    S     -0.63     -0.31      1.00     -0.88     -1.15     41.16
A 150    L     -2.95      0.18      0.00     -1.88     -2.41     16.68
A 151    H     -3.15      0.65      0.00      0.75     -1.20     41.53
A 152    A     -2.96     -0.00      0.00     -2.96     -2.96      0.00
A 153    S     -1.14     -0.45      0.00     -3.86     -2.50     60.47
A 154    D     -0.03     -0.28      1.00     -0.11     -0.47     49.11
A 155    L     -5.13      0.02      0.00     -5.00     -5.07      2.06
A 156    K      1.74     -0.96      0.00     -4.01     -1.13     96.69
A 157    L     -3.38      0.22      0.00     -2.08     -2.73     20.21
A 158    P     -1.64     -0.21      0.00     -2.88     -2.26     37.36
A 159    P      1.60     -0.54      0.00     -1.62     -0.01     96.93
A 160    G     -0.16      0.03      0.00      0.01     -0.08     67.44
A 161    V     -3.89      0.00      2.00     -0.66     -3.08      1.59
A 162    E     -0.06     -0.68      0.00     -4.14     -2.10     77.33
A 163    L     -3.32      0.19      0.00     -2.18     -2.75     17.84
A 164    A     -0.98     -0.04      0.00     -1.21     -1.09      4.12
A 165    V     -1.67      0.07      0.00     -1.27     -1.47     24.15
A 166    S     -0.64     -0.49      0.00     -3.56     -2.10     64.93
A 167    P      0.43     -0.42      0.00     -2.10     -0.83     76.30
A 168    E      0.51     -0.81      0.00     -4.35     -1.92     92.05
A 169    E     -1.75     -0.42      0.00     -4.25     -3.00     47.20
A 170    T     -1.15     -0.32      0.00     -3.06     -2.11     43.49
A 171    I     -3.96      0.03      2.00     -0.59     -3.07      1.13
A 172    A     -2.66     -0.02      1.00     -1.18     -2.32      2.07
A 173    A     -1.35     -0.31      0.00     -3.19     -2.27     33.06
A 174    V     -3.45      0.00      2.00     -0.25     -2.65      0.00
A 175    V     -0.96      0.08      0.00     -0.48     -0.72     29.02
A 176    P      0.46     -0.37      0.00     -1.76     -0.65     66.96
A 177    P      0.05     -0.33      2.00      1.27     -0.14     59.62
A 178    E      1.69     -0.87      0.00     -3.54     -0.93     98.80
A 179    D      0.81     -0.23      0.00     -0.58      0.12     40.63
A 180    V      1.56      0.07      0.00      2.00      1.78     26.25
A 181    E     -0.26     -0.71      1.00     -2.93     -1.99     80.74
A 182    K      2.50     -0.96      0.00     -3.26     -0.38     97.02
A 183    L      1.09      0.72      0.00      5.43      3.26     67.65
A 184    A      1.69     -0.92      0.00     -3.86     -1.08    100.00
A 185    E      1.05     -0.80      2.00     -0.57     -0.56     91.14
