Cpptraj Generated trajectory                                                    
  79.879  55.236  55.977  79.028  55.778  55.917  80.655  55.835  56.220  79.729
  54.532  56.686  80.157  54.575  54.691  81.130  54.885  54.310  80.157  53.059
  54.878  80.675  52.814  55.806  79.128  52.706  54.943  80.868  52.340  53.737
  80.701  51.272  53.874  80.433  52.653  52.787  82.660  52.600  53.698  83.153
  51.582  55.121  82.860  50.545  54.956  84.235  51.632  55.244  82.674  51.944
  56.031  79.110  54.991  53.686  77.933  54.933  53.995  79.523  55.424  52.503
  80.504  55.482  52.270  78.588  55.849  51.463  77.575  55.554  51.736  78.646
  57.373  51.341  78.807  57.783  52.338  79.485  57.647  50.700  77.363  57.959
  50.757  77.367  57.829  49.675  76.533  57.388  51.172  77.182  59.436  51.133
  77.201  59.731  52.346  77.002  60.267  50.210  78.936  55.185  50.138  80.102
  54.891  49.878  77.951  54.968  49.278  77.010  55.227  49.542  78.149  54.265
  48.020  79.218  54.160  47.835  77.513  52.876  48.072  76.430  52.985  48.111
  77.770  52.355  47.150  77.971  52.051  49.253  77.466  52.340  50.535  76.724
  53.116  50.661  77.945  51.652  51.659  77.573  51.887  52.645  78.919  50.651
  51.488  79.351  49.954  52.562  78.975  50.295  53.378  79.426  50.356  50.205
  80.185  49.594  50.103  78.944  51.050  49.082  79.337  50.828  48.100  77.601
  55.055  46.863  76.851  55.998  47.044  77.981  54.668  45.653  78.602  53.875
  45.578  77.484  55.278  44.426  76.716  56.009  44.678  78.645  56.001  43.756
  79.174  56.580  44.515  79.320  55.258  43.332  78.174  56.956  42.661  77.581
  56.414  41.924  77.565  57.749  43.096  79.347  57.582  41.922  79.899  56.804
  41.393  78.892  58.256  41.197  80.249  58.349  42.805  79.941  59.287  43.016
  81.407  57.929  43.294  81.853  56.724  43.035  81.271  56.161  42.430  82.728
  56.395  43.417  82.122  58.683  44.089  81.792  59.621  44.267  83.025  58.387
  44.429  76.850  54.228  43.530  77.243  53.066  43.577  75.928  54.650  42.679
  75.656  55.622  42.718  75.273  53.808  41.695  76.020  53.135  41.272  74.176
  53.010  42.415  74.634  52.513  43.271  73.433  53.716  42.786  73.462  51.948
  41.566  72.986  52.405  40.699  74.455  50.896  41.095  74.942  50.416  41.945
  73.924  50.142  40.514  75.210  51.344  40.449  72.390  51.259  42.408  71.652
  51.994  42.730  71.892  50.497  41.808  72.841  50.791  43.284  74.705  54.661
  40.573  74.103  55.697  40.818  74.907  54.252  39.328  75.369  53.368  39.171
  74.325  54.954  38.188  74.353  56.028  38.376  75.126  54.635  36.932  75.372
  53.574  36.959  74.504  54.835  36.059  76.403  55.481  36.827  76.128  56.523
  36.662  76.975  55.417  37.753  77.281  55.016  35.661  76.696  55.038  34.742
  78.126  55.698  35.572  77.785  53.593  35.919  78.175  53.536  36.935  76.945
  52.900  35.867  78.823  53.181  34.957  79.628  53.787  35.035  79.095  52.236
  35.191  78.450  53.181  34.019  72.862  54.563  38.023  72.530  53.387  37.919
  72.003  55.564  37.966  72.365  56.508  37.982  70.578  55.415  37.737  70.316
  54.371  37.565  69.835  55.959  38.955  70.118  56.998  39.122  68.760  55.895
  38.783  70.113  55.377  39.834  70.198  56.147  36.472  70.846  57.121  36.125
  69.160  55.692  35.790  68.713  54.839  36.095  68.660  56.318  34.577  69.047
  57.335  34.513  69.109  55.541  33.339  68.437  54.689  33.236  68.969  56.186
  32.472  70.542  55.029  33.358  70.820  53.739  33.854  70.008  53.134  34.230
  72.142  53.252  33.879  72.348  52.267  34.272  73.197  54.072  33.415  74.481
  53.622  33.436  74.528  52.733  33.794  72.920  55.367  32.927  73.724  55.990
  32.564  71.594  55.837  32.892  71.387  56.816  32.484  67.145  56.382  34.640
  66.511  55.477  35.183  66.558  57.448  34.106  67.114  58.155  33.646  65.104
  57.548  34.045  64.702  57.310  35.030  64.705  58.979  33.692  65.177  59.235
  32.744  63.625  59.017  33.550  65.087  60.001  34.745  64.509  59.950  36.030
  63.786  59.180  36.257  64.858  60.902  37.009  64.411  60.869  37.992  65.781
  61.922  36.699  66.027  62.891  37.621  65.711  62.693  38.505  66.361  61.964
  35.410  67.077  62.732  35.157  66.013  61.011  34.438  66.456  61.070  33.455
  64.506  56.541  33.057  65.216  55.953  32.244  63.190  56.347  33.143  62.667
  56.851  33.844  62.423  55.503  32.232  62.882  55.548  31.244  62.474  54.044
  32.703  62.084  53.406  31.911  63.517  53.778  32.878  61.672  53.772  33.979
  62.119  54.317  34.811  60.641  54.100  33.842  61.668  52.271  34.280  60.999
  51.773  33.578  62.672  51.872  34.138  61.233  51.992  35.654  61.963  51.851
  36.338  59.982  51.962  36.068  59.003  52.209  35.243  59.185  52.360  34.261
  58.045  52.098  35.544  59.721  51.735  37.322  60.466  51.698  38.003  58.772
  51.778  37.666  61.000  56.022  32.101  60.477  56.622  33.042  60.350  55.726
  30.995  60.835  55.247  30.249  58.983  56.133  30.718  58.505  56.375  31.668
  58.971  57.357  29.784  59.937  57.446  29.286  58.220  57.225  29.005  58.632
  58.658  30.509  59.509  58.940  31.092  58.458  59.419  29.747  57.407  58.532
  31.443  56.444  57.819  31.102  57.472  58.971  32.619  58.166  54.995  30.133
  57.444  54.335  30.884  58.296  54.781  28.823  58.965  55.334  28.306  57.536
  53.784  28.106  56.538  53.727  28.539  57.470  54.051  27.051  58.171  52.418
  28.210  57.446  51.447  28.234  59.494  52.308  28.321  60.030  53.164  28.327
  60.216  51.046  28.438  60.103  50.534  27.482  61.723  51.252  28.651  62.112
  50.332  29.089  62.210  51.405  27.688  62.092  52.400  29.588  61.320  52.454
  30.355  63.040  52.162  30.072  62.239  53.747  28.867  61.210  54.436  28.683
  63.384  54.117  28.550  59.628  50.130  29.519  59.611  50.416  30.722  59.167
  48.974  29.042  59.136  48.877  28.038  58.436  47.990  29.829  57.618  48.512
  30.325  57.841  46.902  28.922  58.571  46.635  28.157  57.640  46.020  29.530
  56.522  47.305  28.250  56.163  46.460  27.663  55.784  47.537  29.018  56.680
  48.516  27.330  57.134  49.328  27.899  57.316  48.256  26.483  55.342  49.038
  26.830  54.722  49.315  27.682  55.521  49.944  26.252  54.657  48.040  25.992
  54.456  47.169  26.462  53.806  48.434  25.616  55.200  47.820  25.169  59.359
  47.371  30.871  60.511  47.042  30.567  58.846  47.090  32.075  57.555  47.516
  32.597  56.790  46.788  32.327  57.265  48.510  32.255  57.750  47.552  34.104
  56.809  47.451  34.644  58.277  48.467  34.377  58.671  46.360  34.311  58.081
  45.450  34.206  59.185  46.392  35.271  59.636  46.484  33.134  60.451  47.162
  33.391  60.218  45.132  32.743  61.411  44.905  32.903  59.414  44.220  32.201
  58.441  44.444  32.050  59.884  42.895  31.787  60.302  42.377  32.650  58.717
  42.079  31.247  59.090  41.124  30.878  57.991  41.905  32.041  58.107  42.808
  30.207  57.452  42.248  29.784  60.978  42.973  30.727  61.906  42.173  30.796
  60.934  43.959  29.827  60.170  44.618  29.880  61.974  44.185  28.829  62.181
  43.249  28.310  61.486  45.225  27.820  61.283  46.171  28.321  62.270  45.393
  27.081  60.584  44.873  27.319  63.268  44.660  29.490  64.344  44.138  29.211
  63.151  45.585  30.442  62.231  45.958  30.630  64.279  46.091  31.208  65.005
  46.504  30.509  63.793  47.157  32.200  62.905  46.781  32.709  64.575  47.294
  32.947  63.461  48.523  31.585  62.739  48.412  30.776  62.872  49.430  32.667
  63.584  49.565  33.481  62.634  50.396  32.222  61.948  48.994  33.048  64.735
  49.172  31.049  65.152  48.564  30.246  64.496  50.153  30.638  65.466  49.283
  31.850  64.974  44.970  31.975  66.185  44.799  31.851  64.210  44.165  32.722
  63.223  44.373  32.764  64.737  43.022  33.478  65.455  43.366  34.223  63.614
  42.268  34.185  62.904  41.904  33.442  64.065  41.414  34.692  62.875  43.117
  35.220  63.592  43.685  35.813  62.202  43.811  34.716  62.055  42.218  36.148
  61.438  41.540  35.558  62.733  41.624  36.762  61.180  43.017  37.010  61.412
  43.104  37.989  60.084  43.645  36.639  59.698  43.603  35.396  60.241  43.075
  34.727  58.806  44.020  35.172  59.406  44.355  37.488  59.672  44.374  38.462
  58.517  44.769  37.249  65.482  42.068  32.566  66.563  41.598  32.923  64.893
  41.775  31.406  63.991  42.192  31.229  65.472  40.933  30.359  65.657  39.943
  30.775  64.467  40.848  29.204  63.458  40.976  29.598  64.660  41.657  28.500
  64.514  39.520  28.440  65.168  39.617  27.573  64.882  38.727  29.091  63.109
  39.138  27.979  63.140  38.217  27.396  62.515  38.953  28.874  62.485  40.200
  27.175  63.070  40.764  26.576  61.209  40.506  27.216  60.390  39.846  27.995
  60.699  39.074  28.568  59.415  40.103  27.943  60.769  41.480  26.473  61.348
  42.018  25.844  59.776  41.660  26.520  66.793  41.506  29.854  67.741  40.757
  29.643  66.877  42.830  29.748  66.053  43.374  29.958  68.069  43.568  29.359
  68.572  42.978  28.593  67.655  44.909  28.747  67.165  45.525  29.500  68.547
  45.425  28.393  66.981  44.748  27.906  69.064  43.771  30.516  69.921  44.657
  30.455  68.954  42.981  31.587  68.234  42.272  31.595  69.858  43.047  32.731
  69.706  42.156  33.340  70.878  43.058  32.345  69.674  44.279  33.626  70.458
  44.507  34.546  68.648  45.096  33.385  68.011  44.861  32.638  68.325  46.270
  34.195  69.210  46.570  34.757  67.878  47.417  33.281  66.957  47.134  32.772
  67.665  48.283  33.909  68.935  47.782  32.225  69.032  46.962  31.512  68.594
  48.659  31.676  70.298  48.068  32.875  70.195  48.923  33.541  70.627  47.202
  33.450  71.375  48.331  31.829  71.506  47.417  31.249  71.043  49.125  31.160
  72.659  48.698  32.464  72.973  47.949  33.064  73.374  48.849  31.768  72.564
  49.527  33.034  67.284  45.954  35.248  66.454  45.079  35.074  67.305  46.678
  36.348  68.028  47.377  36.441  66.367  46.531  37.445  65.793  45.615  37.299
  67.141  46.388  38.758  67.671  45.437  38.723  67.868  47.198  38.827  66.248
  46.434  40.013  65.723  47.387  40.073  65.230  45.297  39.978  65.749  44.341
  39.916  64.627  45.331  40.886  64.565  45.408  39.122  67.113  46.299  41.261
  67.813  47.133  41.307  66.483  46.329  42.151  67.669  45.361  41.240  65.427
  47.727  37.467  65.885  48.846  37.724  64.130  47.523  37.197  63.452  46.312
  36.763  63.091  45.752  37.626  64.090  45.680  36.145  62.262  46.826  35.967
  61.458  46.092  35.912  62.602  47.125  34.976  61.856  48.052  36.789  61.262
  47.714  37.639  61.310  48.794  36.205  63.187  48.612  37.290  63.536  49.422
  36.649  63.099  49.101  38.729  63.373  48.371  39.675  62.681  50.337  38.914
  62.550  50.961  38.130  62.556  50.889  40.246  61.864  50.285  40.834  63.524
  50.867  40.747  62.056  52.311  40.188  61.619  52.790  39.136  62.087  52.987
  41.319  62.377  52.512  42.162  61.717  54.381  41.411  62.172  54.907  40.571
  60.193  54.516  41.267  60.017  55.253  40.483  59.762  53.574  40.928  59.443
  54.945  42.530  59.964  55.750  43.048  58.105  55.512  42.121  57.512  54.754
  41.608  57.596  55.866  43.018  58.264  56.359  41.454  59.263  53.759  43.469
  60.234  53.405  43.814  58.655  54.088  44.312  58.745  52.925  42.995  62.278
  55.026  42.667  62.503  54.390  43.688  62.455  56.328  42.580  62.192  56.788
  41.720  62.898  57.163  43.679  63.028  56.528  44.555  64.226  57.840  43.316
  64.403  58.655  44.019  65.047  57.126  43.373  64.235  58.399  41.894  64.031
  57.581  41.203  63.439  59.138  41.797  65.820  59.132  41.421  65.255  60.788
  40.969  64.808  61.260  41.844  66.104  61.386  40.636  64.526  60.723  40.162
  61.837  58.201  43.998  61.164  58.689  43.089  61.723  58.574  45.264  62.315
  58.143  45.960  60.737  59.535  45.726  60.674  60.351  45.007  59.342  58.907
  45.750  58.643  59.634  46.162  59.037  58.723  44.720  59.255  57.623  46.546
  59.473  57.635  47.939  59.640  58.565  48.463  59.493  56.433  48.664  59.674
  56.424  49.729  59.249  55.223  48.002  59.274  54.071  48.705  59.672  54.178
  49.572  58.982  55.208  46.630  58.774  54.234  46.211  58.995  56.409  45.887
  58.806  56.411  44.823  61.099  60.092  47.100  61.960  59.578  47.813  60.389
  61.136  47.474  59.687  61.458  46.822  60.299  61.735  48.789  60.075  60.974
  49.536  61.635  62.437  49.114  61.599  62.842  50.126  62.426  61.689  49.073
  62.001  63.567  48.172  61.203  64.394  47.835  63.203  63.669  47.687  63.399
  64.383  46.999  63.852  62.954  47.982  59.092  62.673  48.740  58.404  62.734
  47.721  58.848  63.450  49.795  59.426  63.359  50.618  57.733  64.406  49.800
  56.805  63.839  49.722  57.731  65.159  51.120  56.766  65.661  51.182  57.826
  64.454  51.946  58.855  66.203  51.231  59.822  65.709  51.148  58.766  66.956
  50.448  58.791  66.887  52.587  59.210  66.156  53.278  59.395  67.795  52.567
  57.424  67.226  53.006  56.873  67.787  52.372  56.816  66.706  54.054  57.404
  65.894  54.900  58.382  65.691  54.747  56.933  65.504  55.703  55.585  67.053
  54.252  55.029  67.571  53.586  55.106  66.606  55.021  57.699  65.401  48.627
  56.714  66.109  48.472  58.778  65.493  47.860  59.532  64.854  48.064  58.951
  66.383  46.723  58.112  67.079  46.716  60.266  67.162  46.871  61.133  66.509
  46.969  60.410  67.744  45.960  60.209  68.110  48.028  59.249  69.109  48.111
  59.509  69.777  49.234  58.928  70.625  49.565  60.575  69.248  49.860  60.983
  69.587  50.720  61.036  68.186  49.114  61.883  67.559  49.353  58.917  65.715
  45.362  58.313  66.263  44.445  59.592  64.583  45.185  60.097  64.187  45.964
  59.694  63.958  43.872  59.010  64.461  43.189  61.108  64.164  43.310  61.162
  63.682  42.334  61.244  65.236  43.165  62.245  63.630  44.195  62.033  63.791
  45.252  62.403  62.143  43.947  62.698  61.949  42.915  63.117  61.752  44.672
  61.430  61.672  44.089  63.552  64.341  43.859  63.431  65.408  44.046  64.362
  63.960  44.481  63.796  64.190  42.807  59.215  62.521  43.853  59.065  61.871
  44.878  59.050  62.025  42.635  59.229  62.639  41.853  58.707  60.654  42.317
  59.296  59.969  42.925  57.217  60.428  42.571  56.961  60.793  43.566  56.639
  60.977  41.827  56.842  58.966  42.470  56.923  58.355  41.416  56.425  58.386
  43.569  56.185  57.405  43.546  56.363  58.894  44.440  59.008  60.491  40.838
  58.432  61.197  40.008  59.972  59.650  40.494  60.442  59.129  41.221  60.386
  59.451  39.114  59.561  59.717  38.454  61.603  60.324  38.801  62.409  60.058
  39.485  61.936  60.088  37.790  61.324  61.836  38.918  60.850  62.069  39.871
  62.276  62.367  38.914  60.439  62.351  37.768  59.440  61.922  37.850  60.332
  63.433  37.850  61.009  62.015  36.450  60.517  61.324  35.901  62.098  62.557
  35.931  62.767  63.481  36.575  62.394  63.829  37.447  63.587  63.909  36.171
  62.545  62.140  34.778  62.076  61.396  34.283  63.393  62.538  34.402  60.691
  57.988  38.917  61.361  57.378  39.751  60.211  57.435  37.807  59.694  58.000
  37.148  60.526  56.060  37.450  60.439  55.435  38.338  59.565  55.538  36.392
  59.765  56.052  35.452  59.762  54.472  36.271  58.101  55.756  36.794  57.970
  55.508  37.847  57.846  56.806  36.654  57.154  54.899  35.951  57.398  53.849
  36.114  56.127  55.063  36.278  57.241  55.237  34.461  58.271  55.124  34.121
  56.628  54.527  33.906  56.771  56.617  34.201  57.354  57.306  34.654  56.823
  56.846  33.219  55.806  56.735  34.478  61.958  56.014  36.949  62.346  56.835
  36.116  62.735  55.069  37.454  62.357  54.425  38.134  64.143  54.913  37.096
  64.304  55.365  36.117  65.083  55.610  38.113  66.060  55.754  37.651  64.569
  56.993  38.527  63.601  56.893  39.019  65.268  57.458  39.222  64.470  57.623
  37.644  65.292  54.752  39.368  65.759  53.802  39.108  65.970  55.255  40.058
  64.332  54.554  39.844  64.467  53.434  36.959  63.629  52.556  37.189  65.707
  53.150  36.611  66.341  53.909  36.409  66.256  51.818  36.585  65.815  51.246
  37.401  65.887  51.161  35.253  65.962  50.080  35.370  64.844  51.393  35.039
  66.738  51.588  34.070  67.960  50.938  33.803  68.301  50.164  34.474  68.741
  51.313  32.690  69.685  50.828  32.487  68.297  52.347  31.838  69.060  52.723
  30.774  69.866  52.210  30.681  67.078  53.003  32.116  66.758  53.825  31.493
  66.314  52.638  33.240  65.408  53.179  33.469  67.764  51.885  36.793  68.391
  52.933  36.615  68.346  50.751  37.152  67.762  49.938  37.288  69.777  50.595
  37.424  70.336  51.337  36.854  70.089  50.776  38.922  71.167  50.696  39.058
  69.644  52.154  39.424  68.568  52.279  39.298  69.891  52.273  40.479  70.172
  52.915  38.850  69.414  49.688  39.765  69.782  48.708  39.460  69.654  49.828
  40.819  68.333  49.719  39.625  70.217  49.221  36.958  69.395  48.321  36.840
  71.486  49.031  36.635  72.162  49.761  36.808  71.976  47.688  36.336  71.353
  47.259  35.551  73.405  47.793  35.823  73.407  48.332  34.875  73.979  48.369
  36.549  74.034  46.425  35.605  74.604  45.876  36.564  73.916  45.955  34.455
  71.874  46.773  37.565  72.272  47.149  38.669  71.311  45.578  37.375  70.974
  45.326  36.457  71.129  44.635  38.471  70.541  45.133  39.242  70.386  43.398
  37.954  69.465  43.723  37.469  71.020  42.908  37.214  70.056  42.387  39.066
  70.952  42.118  39.626  69.003  42.980  40.001  68.106  43.247  39.443  68.766
  42.266  40.790  69.413  43.867  40.484  69.482  41.118  38.435  70.239  40.673
  37.790  69.257  40.409  39.232  68.595  41.373  37.855  72.446  44.225  39.126
  72.514  44.188  40.347  73.482  43.929  38.343  73.402  44.060  37.345  74.785
  43.542  38.891  74.631  42.678  39.537  75.784  43.171  37.780  75.993  44.028
  37.139  77.113  42.729  38.407  76.934  41.880  39.066  77.827  42.469  37.625
  77.533  43.546  38.993  75.230  42.039  36.910  74.313  42.370  36.424  75.950
  41.790  36.130  75.016  41.167  37.529  75.380  44.648  39.752  75.885  44.377
  40.842  75.345  45.888  39.274  74.913  46.032  38.372  75.842  47.046  39.993
  76.914  46.935  40.158  75.568  48.344  39.233  74.497  48.420  39.047  75.880
  49.147  39.901  76.318  48.538  37.918  77.365  48.278  38.073  75.920  47.848
  37.175  76.181  50.000  37.428  75.036  50.475  37.236  77.214  50.690  37.240
  75.114  47.153  41.326  75.746  47.193  42.376  73.782  47.149  41.279  73.344
  47.083  40.372  72.928  47.229  42.447  73.137  48.165  42.964  71.455  47.196
  42.041  71.245  48.059  41.410  71.251  46.288  41.474  70.541  47.220  43.244
  70.293  48.440  43.893  70.723  49.351  43.503  69.496  48.472  45.048  69.305
  49.411  45.546  68.948  47.280  45.556  68.341  47.302  46.449  69.198  46.057
  44.910  68.789  45.138  45.303  69.995  46.026  43.754  70.200  45.082  43.271
  73.217  46.103  43.419  73.532  46.389  44.561  73.182  44.848  42.988  72.913
  44.671  42.031  73.470  43.704  43.846  72.701  43.642  44.615  73.479  42.418
  43.009  73.959  42.610  42.049  74.090  41.682  43.532  72.081  41.824  42.799
  71.236  41.982  43.706  71.877  41.133  41.776  74.816  43.871  44.547  74.937
  43.645  45.752  75.830  44.346  43.820  75.647  44.550  42.848  77.146  44.643
  44.370  77.510  43.724  44.830  78.072  45.067  43.222  77.930  44.383  42.386
  77.814  46.075  42.896  79.546  45.055  43.629  79.723  45.847  44.356  79.785
  44.091  44.079  80.432  45.280  42.397  80.229  44.494  41.670  80.185  46.247
  41.957  81.913  45.248  42.784  82.084  46.001  43.553  82.133  44.270  43.213
  82.799  45.503  41.623  82.617  46.417  41.234  83.770  45.473  41.900  82.674
  44.796  40.913  77.056  45.714  45.459  77.584  45.512  46.550  76.419  46.846
  45.170  76.026  46.925  44.243  76.271  47.990  46.077  77.254  48.246  46.474
  75.706  49.209  45.324  74.756  48.951  44.858  75.472  50.366  46.301  76.411
  50.610  46.797  75.078  51.234  45.772  74.743  50.083  47.061  76.680  49.676
  44.237  76.831  48.893  43.494  76.264  50.549  43.734  77.645  49.929  44.677
  75.383  47.682  47.279  75.779  47.916  48.417  74.184  47.162  47.051  73.927
  46.972  46.092  73.195  46.853  48.072  72.958  47.766  48.618  71.930  46.304
  47.409  71.599  46.976  46.618  72.160  45.337  46.961  70.793  46.119  48.384
  70.247  47.239  49.029  70.650  48.223  48.838  69.183  47.077  49.928  68.768
  47.942  50.425  68.665  45.798  50.188  67.840  45.686  50.875  69.222  44.672
  49.553  68.829  43.686  49.751  70.290  44.834  48.654  70.722  43.975  48.162
  73.713  45.815  49.056  73.381  45.856  50.233  74.592  44.916  48.612  74.837
  44.935  47.632  75.238  43.940  49.487  74.464  43.343  49.969  76.120  43.049
  48.614  75.478  42.519  47.911  76.804  43.688  48.055  76.935  42.018  49.400
  77.552  42.511  50.152  76.264  41.308  49.883  77.849  41.296  48.415  77.229
  40.698  47.747  78.381  42.046  47.829  78.837  40.435  49.085  78.795  40.384
  50.093  79.756  39.717  48.455  79.869  39.750  47.148  79.180  40.274  46.627
  80.514  39.145  46.661  80.593  38.979  49.133  80.534  38.938  50.141  81.270
  38.397  48.661  76.046  44.618  50.593  76.269  44.003  51.628  76.523  45.836
  50.351  76.272  46.287  49.483  77.295  46.602  51.321  77.681  45.932  52.089
  78.467  47.280  50.615  78.072  48.012  49.910  79.054  47.792  51.377  79.392
  46.331  49.848  78.849  45.905  49.004  80.232  46.904  49.457  79.932  45.205
  50.714  80.553  45.403  51.742  79.737  43.969  50.298  80.061  43.246  50.924
  79.185  43.821  49.465  76.461  47.666  52.028  76.641  47.890  53.220  75.558
  48.326  51.299  75.490  48.132  50.310  74.752  49.401  51.852  75.352  49.919
  52.600  74.414  50.396  50.749  73.800  49.912  49.989  73.856  51.222  51.188
  75.334  50.778  50.306  73.480  48.903  52.535  73.110  49.432  53.585  72.821
  47.884  51.973  73.156  47.486  51.108  71.538  47.401  52.467  71.120  46.675
  51.770  71.775  46.690  53.804  72.551  45.933  53.685  72.118  47.427  54.530
  70.586  46.090  54.280  70.771  45.737  55.154  70.591  48.603  52.544  70.544
  49.416  51.620  69.896  48.770  53.660  69.975  48.059  54.373  69.076  49.942
  53.947  69.005  50.539  53.038  67.665  49.497  54.354  67.064  50.395  54.497
  67.025  48.647  53.245  67.602  47.735  53.092  66.001  48.395  53.522  67.015
  49.211  52.312  67.721  48.711  55.678  68.195  47.746  55.496  68.321  49.255
  56.407  66.346  48.482  56.304  65.713  47.902  55.632  66.474  47.928  57.234
  65.879  49.444  56.514  69.701  50.855  55.006  69.002  51.710  55.547  70.979
  50.645  55.334  71.499  49.927  54.850  71.640  51.346  56.435  70.880  51.853
  57.031  72.363  50.332  57.332  73.222  49.922  56.802  72.711  50.874  58.211
  71.466  49.213  57.796  70.290  49.441  58.476  69.750  48.263  58.766  68.828
  48.143  59.316  70.519  47.286  58.267  70.342  46.302  58.413  71.619  47.860
  57.655  72.445  47.340  57.195  72.598  52.444  55.999  72.877  53.340  56.786
  73.081  52.401  54.756  72.789  51.650  54.146  74.050  53.365  54.242  74.308
  54.068  55.034  75.324  52.636  53.819  75.106  51.986  52.972  76.038  53.391
  53.493  75.976  51.851  54.930  76.659  52.455  55.974  77.066  51.469  56.781
  77.599  51.618  57.709  76.722  50.276  56.272  76.917  49.378  56.691  76.023
  50.492  55.109  75.583  49.715  54.503  73.486  54.173  53.082  72.675  53.670
  52.302  73.950  55.415  52.930  74.629  55.776  53.585  73.524  56.272  51.823
  72.440  56.191  51.748  73.862  57.751  52.070  74.934  57.873  52.225  73.398
  58.596  50.873  72.322  58.481  50.742  73.651  59.644  51.035  73.902  58.269
  49.963  73.188  58.257  53.343  73.557  57.692  54.199  73.453  59.303  53.492
  72.106  58.140  53.272  74.107  55.785  50.497  75.311  55.582  50.343  73.242
  55.616  49.507  72.271  55.817  49.698  73.610  55.320  48.130  74.661  55.034
  48.088  72.758  54.161  47.584  71.709  54.451  47.633  73.125  53.888  46.112
  74.173  53.594  46.045  72.492  53.101  45.702  72.952  54.777  45.506  72.949
  52.910  48.465  74.014  52.713  48.583  72.524  53.115  49.447  72.263  51.656
  47.913  72.696  51.372  46.954  72.400  50.827  48.609  71.202  51.860  47.776
  73.399  56.588  47.315  72.295  57.111  47.250  74.430  57.098  46.665  75.335
  56.662  46.772  74.329  58.264  45.801  73.498  58.876  46.151  75.595  59.122
  45.859  76.460  58.522  45.573  75.461  60.301  44.890  74.589  60.896  45.163
  76.359  60.918  44.926  75.334  59.938  43.870  75.814  59.660  47.273  75.948
  58.832  47.968  76.715  60.272  47.308  74.957  60.251  47.597  74.043  57.806
  44.382  74.860  57.127  43.756  72.893  58.202  43.860  72.284  58.772  44.429
  72.476  57.879  42.509  72.880  56.899  42.255  70.948  57.829  42.443  70.577
  58.812  42.734  70.671  57.648  41.405  70.272  56.769  43.328  70.566  56.902
  44.369  68.758  56.960  43.215  68.428  56.838  42.183  68.246  56.237  43.850
  68.505  57.973  43.526  70.635  55.349  42.895  71.711  55.207  42.994  70.127
  54.626  43.533  70.335  55.180  41.860  73.006  58.911  41.515  72.637  60.079
  41.589  73.832  58.478  40.568  74.041  57.491  40.546  74.300  59.314  39.470
  74.442  60.333  39.829  75.619  58.809  38.886  75.480  57.799  38.500  75.867
  59.467  38.054  76.801  58.802  39.845  76.715  59.634  40.543  76.740  57.881
  40.424  78.129  58.882  39.052  78.218  58.179  38.019  79.072  59.575  39.510
  73.266  59.296  38.353  73.175  58.318  37.601  72.508  60.370  38.217  72.648
  61.156  38.836  71.483  60.514  37.206  71.120  59.506  37.005  70.345  61.385
  37.759  70.756  62.351  38.049  69.605  61.564  36.979  69.656  60.734  38.966
  70.390  60.501  39.737  68.622  61.673  39.573  67.872  61.921  38.823  68.173
  61.186  40.439  69.113  62.593  39.891  68.961  59.439  38.532  69.703  58.745
  38.138  68.472  58.975  39.389  68.235  59.649  37.747  72.026  61.053  35.881
  73.076  61.700  35.835  71.344  60.731  34.766  70.164  59.879  34.702  69.281
  60.452  34.982  70.228  59.010  35.358  70.092  59.437  33.245  69.080  59.157
  32.951  70.808  58.634  33.073  70.583  60.684  32.529  69.795  61.437  32.559
  70.896  60.490  31.503  71.751  61.116  33.415  72.653  60.572  33.134  71.999
  62.608  33.235  72.976  63.000  32.606  71.134  63.442  33.803  70.388  63.048
  34.359  71.256  64.907  33.829  71.437  65.240  32.807  69.942  65.535  34.322
  70.102  66.569  34.629  69.238  65.542  33.490  69.323  64.794  35.497  70.074
  64.290  36.355  68.088  64.665  35.489  72.449  65.427  34.646  72.454  66.571
  35.094  73.467  64.596  34.870  73.409  63.661  34.491  74.641  64.952  35.644
  75.375  64.151  35.563  75.039  65.875  35.222  74.329  65.196  37.122  75.251
  65.436  37.898  73.056  65.146  37.520  72.343  64.950  36.832  72.630  65.332
  38.887  73.193  66.169  39.300  71.142  65.678  38.930  70.971  66.569  38.325
  70.581  64.833  38.530  70.608  65.933  40.345  70.812  65.066  40.973  71.113
  66.806  40.759  69.098  66.154  40.372  68.516  66.446  41.396  68.390  66.030
  39.271  67.392  66.187  39.302  68.878  65.815  38.414  72.934  64.084  39.701
  72.887  62.955  39.215  73.178  64.297  40.984  73.121  65.241  41.340  73.408
  63.221  41.930  73.263  62.260  41.437  74.835  63.299  42.448  75.001  64.296
  42.856  74.973  62.557  43.234  75.748  63.055  41.398  76.640  63.168  41.736
  72.443  63.342  43.088  72.315  64.423  43.659  71.791  62.243  43.463  71.930
  61.394  42.934  70.849  62.234  44.572  70.858  63.232  45.011  69.436  61.938
  44.067  69.459  61.008  43.497  68.788  61.793  44.931  68.860  63.062  43.193
  69.415  63.114  42.257  67.399  62.735  42.889  66.822  62.680  43.813  66.987
  63.510  42.243  67.351  61.770  42.386  68.920  64.419  43.907  69.956  64.721
  44.059  68.469  65.195  43.289  68.404  64.373  44.866  71.256  61.272  45.679
  71.454  60.087  45.416  71.354  61.772  46.920  71.098  63.150  47.329  70.134
  63.496  46.956  71.891  63.796  46.952  71.095  63.145  48.851  70.081  62.942
  49.196  71.438  64.088  49.276  72.011  61.956  49.170  71.818  61.570  50.171
  73.058  62.235  49.056  71.645  60.949  48.077  72.472  60.272  47.863  70.391
  60.160  48.445  69.342  60.739  48.723  70.441  58.842  48.443  71.265  58.363
  48.108  69.262  58.028  48.726  68.497  58.664  49.171  68.661  57.400  47.457
  67.704  56.953  47.726  68.406  58.426  46.357  69.348  58.877  46.047  67.916
  57.933  45.517  67.752  59.218  46.722  69.480  56.365  46.962  69.116  56.007
  46.150  69.528  56.952  49.754  70.648  56.697  50.186  68.442  56.312  50.148
  67.560  56.601  49.751  68.401  55.208  51.082  69.401  54.791  51.199  67.844
  55.745  52.413  67.892  56.834  52.383  66.792  55.464  52.471  68.531  55.297
  53.713  68.423  54.220  53.840  70.011  55.670  53.749  70.137  56.747  53.639
  70.445  55.354  54.698  70.546  55.155  52.951  67.819  56.008  54.870  66.766
  55.726  54.890  68.284  55.723  55.814  67.910  57.089  54.758  67.465  54.186
  50.451  66.381  54.549  49.990  67.852  52.919  50.401  68.745  52.646  50.786
  66.959  51.895  49.856  66.543  52.259  48.917  67.706  50.591  49.567  68.232
  50.273  50.467  66.730  49.498  49.126  66.195  49.820  48.233  67.273  48.580
  48.901  66.016  49.291  49.923  68.727  50.819  48.453  69.430  51.583  48.784
  69.265  49.893  48.251  68.226  51.149  47.543  65.804  51.680  50.823  66.003
  51.337  51.984  64.576  51.902  50.363  64.476  52.213  49.408  63.376  51.726
  51.186  63.667  51.748  52.236  62.381  52.845  50.868  62.697  53.381  49.973
  61.395  52.417  50.681  62.260  53.834  52.015  63.253  54.212  52.258  61.628
  54.662  51.692  61.629  53.206  53.256  60.701  52.713  52.968  62.296  52.462
  53.693  61.351  54.240  54.251  60.377  54.448  54.417  62.233  54.953  54.916
  63.512  54.751  54.768  63.789  54.048  54.097  64.186  55.287  55.296  61.843
  55.870  55.742  60.848  56.012  55.842  62.523  56.344  56.319  62.694  50.385
  51.014  61.942  49.992  51.902  62.908  49.717  49.888  63.533  50.099  49.192
  62.213  48.484  49.562  62.258  47.825  50.428  60.753  48.817  49.224  60.367
  49.515  49.966  60.723  49.295  48.245  59.833  47.598  49.199  60.120  46.933
  48.385  59.906  47.061  50.145  58.391  48.032  49.032  57.840  48.110  47.947
  57.736  48.286  50.140  56.781  48.586  50.005  58.236  48.262  51.017  62.883
  47.797  48.382  63.458  48.458  47.520  62.803  46.470  48.354  62.312  45.996
  49.099  63.329  45.652  47.263  63.372  46.250  46.353  64.740  45.121  47.567
  64.705  44.512  48.471  65.234  44.255  46.403  65.265  44.857  45.495  66.225
  43.859  46.625  64.554  43.418  46.241  65.744  46.250  47.803  65.426  46.851
  48.655  66.729  45.836  48.020  65.797  46.880  46.915  62.372  44.495  47.053
  62.401  43.510  47.790  61.464  44.630  46.099  61.479  45.456  45.518  60.511
  43.583  45.772  60.075  43.202  46.696  59.389  44.147  44.899  59.824  44.585
  44.000  58.734  43.328  44.603  58.546  45.185  45.617  57.609  45.735  45.078
  58.821  45.434  46.881  58.313  46.200  47.300  59.646  45.014  47.286  61.236
  42.438  45.098  61.836  42.605  44.038  61.255  41.297  45.773  60.788  41.243
  46.668  61.860  40.095  45.233  62.703  40.359  44.595  62.332  39.189  46.371
  61.450  38.801  46.879  62.875  38.353  45.931  63.223  39.901  47.395  62.655
  40.687  47.894  63.676  38.893  48.450  64.236  38.087  47.976  64.290  39.396
  49.198  62.795  38.476  48.939  64.443  40.517  46.712  64.103  41.259  45.989
  65.063  41.030  47.448  65.008  39.747  46.186  60.838  39.378  44.385  59.724
  39.148  44.865  61.239  38.983  43.180  62.189  39.135  42.870  60.396  38.119
  42.385  59.477  38.660  42.158  61.079  37.779  41.056  60.305  37.459  40.357
  61.590  38.645  40.635  62.053  36.630  41.170  61.534  35.508  41.200  63.283
  36.812  41.058  60.099  36.895  43.269  61.004  36.297  43.877  58.819  36.591
  43.494  58.091  37.149  43.069  58.502  35.413  44.294  59.050  35.489  45.234
  57.001  35.309  44.563  56.471  35.361  43.612  56.799  34.349  45.037  56.539
  36.441  45.491  57.073  36.354  46.437  56.790  37.399  45.035  55.027  36.401
  45.760  54.495  36.489  44.813  54.771  35.455  46.237  54.636  37.566  46.679
  55.240  37.507  47.584  54.893  38.495  46.170  53.193  37.564  47.038  52.927
  36.731  47.543  52.971  38.320  47.669  52.610  37.638  46.217  59.034  34.200
  43.552  59.048  34.190  42.326  59.342  33.133  44.305  59.323  33.263  45.306
  59.854  31.871  43.746  59.981  31.145  44.549  58.834  31.320  42.727  57.839
  31.347  43.172  58.828  31.970  41.853  59.144  29.908  42.215  60.203  29.787
  41.984  58.871  29.183  42.982  58.365  29.663  40.923  57.298  29.736  41.133
  58.625  30.436  40.200  58.675  28.346  40.342  59.305  27.753  40.863  58.207
  27.908  39.183  57.408  28.636  38.446  57.142  29.558  38.764  57.030  28.317
  37.565  58.542  26.723  38.748  59.119  26.128  39.325  58.142  26.386  37.885
  61.227  32.078  43.114  61.413  31.715  41.960  62.172  32.632  43.884  61.881
  32.930  44.804  63.585  32.872  43.521  64.154  31.944  43.576  63.665  33.456
  42.096  62.662  33.803  41.850  64.353  34.300  42.043  64.082  32.433  41.029
  65.135  32.178  41.149  63.509  31.511  41.129  63.834  33.034  39.641  62.970
  33.697  39.692  64.704  33.627  39.360  63.579  31.999  38.619  63.710  31.040
  38.909  63.112  32.238  37.401  62.895  33.457  36.974  62.952  34.192  37.665
  62.420  33.661  36.106  62.893  31.249  36.573  63.055  30.303  36.886  62.534
  31.425  35.645  64.219  33.869  44.491  63.608  34.330  45.454  65.507  34.131
  44.260  65.921  33.698  43.447  66.310  35.106  44.992  65.687  35.614  45.728
  67.459  34.389  45.705  68.068  33.885  44.955  68.066  35.151  46.195  66.991
  33.366  46.747  66.290  33.849  47.427  66.494  32.537  46.242  68.186  32.821
  47.536  68.731  32.116  46.908  68.848  33.650  47.789  67.778  32.145  48.781
  66.788  32.100  48.977  68.606  31.624  49.675  69.905  31.657  49.495  70.270
  32.103  48.666  70.538  31.288  50.190  68.143  31.061  50.760  67.150  31.073
  50.943  68.774  30.681  51.451  66.840  36.165  44.030  67.999  36.082  43.619
  65.998  37.116  43.632  65.039  37.105  43.948  66.401  38.183  42.719  67.422
  38.461  42.982  66.441  37.656  41.278  67.162  36.841  41.222  65.465  37.259
  40.999  66.862  38.757  40.292  66.405  39.712  40.552  67.946  38.864  40.336
  66.419  38.434  38.867  66.939  37.539  38.524  65.344  38.255  38.876  66.704
  39.555  37.957  67.139  40.363  38.380  66.406  39.615  36.671  65.814  38.609
  36.076  65.536  37.830  36.655  65.554  38.657  35.101  66.708  40.673  35.964
  67.184  41.451  36.398  66.526  40.715  34.971  65.478  39.405  42.830  64.258
  39.269  42.783  66.065  40.603  42.933  67.467  40.859  43.233  68.055  40.884
  42.316  67.885  40.120  43.917  67.459  42.216  43.910  68.432  42.703  43.848
  67.139  42.085  44.943  66.377  42.936  43.104  66.803  43.214  42.140  65.975
  43.813  43.611  65.316  41.849  42.903  64.613  41.843  43.736  64.569  42.028
  41.578  65.167  41.917  40.505  63.277  42.326  41.631  62.811  42.371  42.526
  62.469  42.624  40.451  63.066  42.416  39.563  61.241  41.710  40.402  60.891
  41.720  39.369  61.545  40.696  40.662  60.083  42.140  41.320  60.352  41.933
  42.355  59.901  43.208  41.204  58.769  41.426  41.014  57.800  41.727  41.742
  58.739  40.630  40.050  62.065  44.094  40.381  61.676  44.567  39.315  62.141
  44.805  41.502  62.445  44.337  42.344  61.865  46.227  41.609  62.330  46.724
  40.757  60.349  46.475  41.548  59.962  46.179  40.573  59.867  45.854  42.304
  59.955  47.899  41.839  59.777  48.374  43.127  59.500  49.676  43.009  59.267
  50.348  43.822  59.499  50.049  41.729  59.355  51.011  41.455  59.789  48.937
  40.959  59.889  48.896  39.884  62.489  46.769  42.899  62.633  46.044  43.888
  62.896  48.033  42.875  62.756  48.569  42.030  63.504  48.713  44.020  63.220
  48.178  44.927  65.040  48.691  43.903  65.373  47.654  43.864  65.501  49.399
  42.621  65.160  50.434  42.627  66.588  49.376  42.547  65.076  48.897  41.752
  65.711  49.346  45.116  65.403  48.818  46.019  66.796  49.309  45.020  65.413
  50.391  45.202  62.976  50.132  44.183  62.731  50.851  43.209  62.912  50.563
  45.435  63.166  49.919  46.170  62.537  51.906  45.832  62.166  52.436  44.955
  61.415  51.892  46.872  61.760  51.313  47.729  61.244  52.917  47.199  60.107
  51.273  46.380  60.157  50.166  45.814  59.042  51.876  46.612  63.749  52.626
  46.421  64.449  52.095  47.292  63.958  53.873  46.021  63.323  54.260  45.337
  64.990  54.740  46.563  65.588  54.181  47.282  65.909  55.237  45.452  65.281
  55.681  44.679  66.581  55.995  45.854  66.743  54.158  44.823  66.374  53.645
  43.570  65.501  54.032  43.066  67.128  52.613  42.992  66.831  52.203  42.038
  68.252  52.103  43.667  68.821  51.297  43.227  68.630  52.633  44.914  69.492
  52.243  45.434  67.876  53.666  45.493  68.155  54.066  46.456  64.334  55.918
  47.260  63.695  56.763  46.638  64.517  56.026  48.563  65.094  55.354  49.048
  64.040  57.181  49.286  63.117  57.510  48.809  63.734  56.792  50.722  63.109
  55.899  50.714  64.672  56.570  51.231  63.006  57.872  51.477  61.863  58.476
  50.921  61.503  58.182  49.946  61.186  59.472  51.634  60.297  59.926  51.223
  61.634  59.855  52.907  61.093  60.617  53.449  62.767  59.242  53.470  63.101
  59.516  54.459  63.463  58.262  52.747  64.348  57.805  53.166  65.076  58.296
  49.199  66.163  58.195  49.765  64.772  59.334  48.434  63.873  59.332  47.974
  65.665  60.468  48.218  66.676  60.106  48.028  65.201  61.286  47.010  64.189
  61.635  47.215  66.173  62.440  46.736  67.152  62.018  46.509  65.832  63.043
  45.895  66.276  63.083  47.610  65.096  60.429  45.755  64.277  59.728  45.915
  64.909  61.044  44.874  66.025  59.897  45.550  65.754  61.327  49.468  64.801
  62.008  49.841  66.931  61.333  50.076  67.680  60.780  49.686  67.242  62.147
  51.233  66.479  61.948  51.985  68.623  61.754  51.775  69.366  61.884  50.988
  68.896  62.414  52.598  68.630  60.291  52.249  68.265  59.639  51.456  70.046
  59.858  52.599  70.461  60.473  53.398  70.025  58.817  52.922  70.681  59.941
  51.717  67.736  60.122  53.478  66.708  60.397  53.243  67.734  59.082  53.804
  68.132  60.740  54.284  67.147  63.630  50.900  67.648  64.105  49.877  66.470
  64.346  51.788  66.095  63.878  52.600  66.188  65.766  51.645  66.651  66.142
  50.733  64.672  65.930  51.492  64.303  65.315  50.671  64.199  65.625  52.425
  64.359  67.257  51.153  63.446  67.408  51.411  66.798  66.553  52.816  67.854
  66.198  53.337  66.174  67.662  53.177  65.309  67.869  52.698  66.538  68.555
  54.268  67.622  68.543  54.381  66.076  69.972  53.906  66.204  70.613  54.778
  66.725  70.333  53.108  64.631  70.064  53.404  64.465  69.965  52.161  63.724
  70.248  54.237  65.937  68.139  55.616  66.459  68.494  56.672  64.854  67.375
  55.594  64.410  67.189  54.705  64.111  67.003  56.786  64.262  67.770  57.546
  62.604  66.916  56.521  62.341  65.858  56.504  62.068  67.341  57.370  62.086
  67.600  55.244  61.372  68.372  55.530  62.864  68.084  54.653  61.428  66.556
  54.363  60.539  65.841  54.903  61.799  66.462  53.165  64.636  65.675  57.328
  65.211  64.867  56.584  64.413  65.394  58.619  63.693  66.185  59.611  62.797
  66.663  59.212  64.357  66.942  60.027  63.307  65.173  60.685  62.415  64.634
  60.364  63.148  65.636  61.659  64.500  64.217  60.669  64.246  63.250  61.103
  65.353  64.662  61.181  64.795  64.112  59.173  65.859  63.955  58.994  64.000
  62.969  58.530  62.915  63.136  57.955  64.472  61.745  58.716  65.358  61.627
  59.187  63.867  60.551  58.139  62.812  60.754  57.955  64.543  60.165  56.817
  64.088  59.237  56.471  64.298  61.248  55.763  64.740  62.196  56.070  64.749
  60.952  54.816  63.226  61.391  55.625  66.043  59.924  56.977  66.215  59.133
  57.708  66.482  59.624  56.026  66.527  60.835  57.329  63.927  59.391  59.101
  64.835  59.284  59.919  62.919  58.529  59.008  62.232  58.629  58.275  62.942
  57.280  59.755  63.377  57.466  60.737  61.536  56.708  59.946  61.214  56.255
  59.009  61.594  55.938  60.716  60.501  57.757  60.368  60.958  58.416  61.107
  60.259  58.361  59.494  59.214  57.118  60.934  58.773  56.058  60.418  58.612
  57.684  61.879  63.797  56.280  58.986  63.703  56.205  57.755  64.595  55.492
  59.686  64.662  55.611  60.687  65.454  54.491  59.080  64.882  53.959  58.319
  66.652  55.171  58.413  67.157  54.425  57.800  66.305  55.970  57.758  67.645
  55.765  59.418  67.230  56.689  59.822  67.806  55.076  60.247  69.254  56.102
  58.680  69.932  54.415  58.687  69.302  53.740  58.108  70.935  54.423  58.260
  69.980  54.044  59.711  65.931  53.488  60.120  65.906  53.763  61.322  66.352
  52.324  59.650  66.412  52.164  58.655  66.849  51.285  60.535  66.409  51.417
  61.524  66.440  49.918  60.001  66.805  49.820  58.978  66.930  49.157  60.608
  64.939  49.696  60.022  64.114  50.325  59.067  64.556  50.969  58.322  62.721
  50.126  59.088  62.092  50.647  58.381  62.145  49.300  60.080  60.791  49.160
  60.119  60.357  49.666  59.428  62.970  48.676  61.043  62.533  48.040  61.799
  64.364  48.872  61.007  65.000  48.382  61.730  68.351  51.419  60.684  69.056
  51.519  59.694  68.819  51.483  61.920  68.163  51.456  62.687  70.238  51.490
  62.245  70.811  51.609  61.325  70.610  52.650  63.170  70.036  52.569  64.093
  72.106  52.620  63.506  72.694  52.676  62.590  72.367  53.461  64.149  72.349
  51.693  64.025  70.270  53.980  62.500  69.206  54.009  62.263  70.503  54.802
  63.175  70.848  54.077  61.581  70.561  50.171  62.921  69.817  49.761  63.820
  71.674  49.528  62.559  72.554  49.822  61.438  73.382  50.445  61.775  72.047
  50.298  60.599  73.057  48.452  61.022  73.978  48.517  60.442  72.268  47.939
  60.471  73.263  47.788  62.384  74.192  48.169  62.808  73.277  46.700  62.324
  72.084  48.305  63.214  71.242  47.613  63.218  72.467  48.541  64.663  73.026
  49.579  65.025  72.211  47.555  65.509  71.790  46.704  65.165  72.610  47.589
  66.898  72.844  48.618  67.174  71.475  47.086  67.788  71.244  46.062  67.493
  71.833  47.081  68.817  70.194  47.930  67.710  69.789  47.903  66.699  69.165
  47.353  68.674  69.563  47.378  69.688  68.241  47.929  68.631  68.955  46.320
  68.396  70.469  49.379  68.097  71.139  49.796  67.346  69.539  49.947  68.116
  70.919  49.437  69.088  73.864  46.753  67.079  73.960  45.613  66.617  74.847
  47.310  67.770  74.689  48.236  68.141  76.106  46.651  68.067  76.174  45.743
  67.468  77.239  47.602  67.680  77.045  47.986  66.678  77.261  48.446  68.370
  78.601  46.907  67.702  78.844  46.610  68.722  78.577  46.028  67.057  79.650
  47.891  67.188  79.461  48.081  66.132  79.536  48.825  67.738  81.026  47.388
  67.357  81.128  46.415  67.609  82.120  48.130  67.251  82.059  49.398  66.938
  81.142  49.803  66.814  82.877  49.988  66.892  83.299  47.602  67.432  83.385
  46.627  67.678  84.124  48.184  67.404  76.117  46.270  69.536  76.509  47.077
  70.367  75.679  45.059  69.856  75.318  44.453  69.133  75.697  44.596  71.246
  75.193  45.345  71.857  74.937  43.279  71.367  75.304  42.585  70.611  75.124
  42.843  72.349  73.452  43.448  71.206  72.857  43.240  69.952  73.448  42.934
  69.102  71.475  43.404  69.808  71.027  43.219  68.843  70.685  43.780  70.910
  69.618  43.895  70.791  71.286  44.003  72.163  70.691  44.311  73.009  72.671
  43.832  72.310  73.141  44.000  73.268  77.128  44.437  71.770  77.999  43.947
  71.048  77.369  44.838  73.014  76.625  45.291  73.524  78.676  44.809  73.664
  79.279  44.054  73.159  79.393  46.170  73.551  78.838  46.929  74.102  80.814
  46.074  74.119  81.369  45.301  73.587  81.316  47.037  74.028  80.776  45.846
  75.184  79.502  46.611  72.089  78.500  46.772  71.693  80.050  47.552  72.040
  80.011  45.850  71.497  78.557  44.378  75.119  77.555  44.623  75.780  79.599
  43.716  75.616  80.385  43.530  75.010  79.669  43.343  77.019  80.713  43.203
  77.299  79.248  44.145  77.624  78.886  42.069  77.309  77.932  41.711  76.622
  79.339  41.323  78.311  80.117  41.645  78.870  78.688  40.080  78.718  78.083
  39.720  77.886  79.709  38.982  79.035  79.168  38.115  79.416  80.468  38.561
  77.778  81.002  39.417  77.366  81.179  37.770  78.016  79.766  38.199  77.027
  80.667  39.393  79.993  81.283  38.676  80.158  77.800  40.349  79.929  78.308
  40.822  80.947  76.494  40.042  79.860  75.771  39.523  78.712  75.938  38.448
  78.642  76.087  39.987  77.778  74.308  39.858  79.005  73.599  39.203  78.500
  74.122  40.890  78.707  74.239  39.738  80.528  74.197  38.704  80.872  73.411
  40.312  80.944  75.578  40.305  80.966  75.469  41.377  81.125  76.058  39.673
  82.265  76.504  38.524  82.286  75.933  40.381  83.377  75.565  41.320  83.321
  76.261  39.831  84.686  77.309  39.532  84.684  76.032  40.896  85.750  74.985
  41.197  85.738  76.257  40.465  86.726  76.671  41.759  85.566  75.400  38.599
  84.980  75.872  37.627  85.569  74.203  38.573  84.394  73.921  39.372  83.844
  73.297  37.455  84.484  73.278  37.109  85.517  72.306  37.770  84.157  73.747
  36.291  83.638  73.344  35.176  83.896  74.637  36.491  82.671  75.041  37.414
  82.603  75.231  35.424  81.867  74.464  34.677  81.663  75.738  35.981  80.528
  76.368  36.858  80.681  76.597  34.961  79.780  75.997  34.070  79.595  76.955
  35.392  78.845  77.471  34.698  80.375  74.534  36.318  79.632  73.822  36.981
  80.124  74.895  36.757  78.702  73.950  35.424  79.412  76.360  34.741  82.625
  76.547  33.528  82.491  77.093  35.506  83.440  76.804  36.464  83.570  78.119
  34.975  84.337  78.839  34.393  83.762  78.820  36.113  85.077  78.093  36.636
  85.698  79.569  35.671  85.734  79.513  37.114  84.155  80.368  36.612  83.701
  78.847  37.450  83.361  79.961  38.324  84.987  79.081  38.907  85.262  80.419
  37.991  85.918  80.916  39.170  84.249  80.596  40.103  84.031  82.134  38.812
  83.866  82.612  37.620  84.127  82.003  36.998  84.640  83.530  37.315  83.839
  82.904  39.630  83.206  82.569  40.566  83.028  83.847  39.394  82.930  77.478
  34.079  85.390  78.083  33.116  85.834  76.222  34.376  85.720  75.795  35.178
  85.278  75.403  33.606  86.639  76.062  33.188  87.400  74.411  34.554  87.309
  73.736  34.977  86.565  73.829  33.999  88.045  74.948  35.359  87.810  74.700
  32.425  85.956  73.775  31.832  86.506  75.117  32.079  84.735  75.867  32.609
  84.315  74.533  30.983  83.977  75.279  30.608  83.276  74.253  30.196  84.677
  73.281  31.369  83.199  72.704  30.517  82.535  72.892  32.637  83.208  73.435
  33.316  83.721  71.756  33.156  82.468  70.876  32.571  82.735  71.557  34.189
  82.753  72.012  33.124  80.962  73.135  32.904  80.477  70.951  33.347  80.207
  70.069  33.456  80.688  70.888  33.265  78.751  71.861  32.940  78.381  69.814
  32.273  78.263  68.846  32.773  78.249  70.113  31.903  76.812  71.093  31.430
  76.743  69.350  31.217  76.444  70.091  32.800  76.193  69.742  30.999  79.121
  69.446  31.239  80.142  68.989  30.319  78.724  70.712  30.503  79.145  70.576
  34.631  78.179  69.499  35.169  78.391  71.502  35.205  77.427  72.357  34.706
  77.231  71.252  36.483  76.765  70.666  37.111  77.436  72.592  37.176  76.529
  72.992  37.443  77.507  73.266  36.465  76.052  72.503  38.431  75.642  72.200
  38.147  74.634  71.501  39.448  76.204  71.786  39.744  77.214  71.459  40.321
  75.553  70.493  39.035  76.243  73.887  39.068  75.545  74.590  38.361  75.104
  73.830  39.943  74.897  74.256  39.377  76.523  70.449  36.304  75.472  70.806
  35.483  74.634  69.408  37.109  75.288  69.173  37.766  76.018  68.582  37.144
  74.097  69.000  36.452  73.366  67.157  36.712  74.439  66.659  37.521  74.973
  66.641  36.534  73.496  67.071  35.454  75.307  67.695  34.677  74.866  67.449
  35.675  76.305  65.636  34.948  75.408  64.659  35.687  75.441  65.441  33.652
  75.353  64.515  33.261  75.455  66.230  33.032  75.233  68.550  38.542  73.483
  68.029  39.487  74.079  69.080  38.661  72.272  69.487  37.854  71.821  69.037
  39.903  71.505  69.037  40.755  72.185  70.254  40.013  70.582  70.202  39.205
  69.852  70.184  40.972  70.069  71.608  39.924  71.292  71.675  40.744  72.006
  71.639  38.998  71.866  72.803  39.965  70.300  73.971  39.851  70.734  72.654
  40.140  69.063  67.763  39.928  70.664  67.704  39.331  69.589  66.715  40.571
  71.168  66.797  41.022  72.068  65.430  40.634  70.464  65.137  39.621  70.189
  64.349  41.246  71.370  64.573  42.303  71.513  62.972  41.130  70.696  62.733
  40.085  70.497  62.215  41.584  71.336  62.978  41.662  69.745  64.322  40.576
  72.757  65.276  40.748  73.256  63.544  41.047  73.357  64.070  39.064  72.693
  64.848  38.580  72.102  64.082  38.651  73.702  63.100  38.866  72.236  65.531
  41.423  69.163  64.948  41.029  68.153  66.285  42.521  69.171  66.748  42.774
  70.032  66.460  43.370  67.997  65.768  43.031  67.226  66.138  44.834  68.309
  66.509  45.069  69.307  66.643  45.481  67.592  64.663  45.118  68.286  63.801
  44.690  69.282  62.583  45.117  68.932  61.690  44.952  69.516  62.636  45.767
  67.758  61.831  46.167  67.299  63.945  45.782  67.328  64.316  46.236  66.421
  67.851  43.246  67.419  68.837  43.179  68.139  67.921  43.278  66.089  67.052
  43.407  65.590  69.179  43.382  65.341  70.009  43.082  65.981  69.111  42.455
  64.128  69.114  41.425  64.484  68.182  42.646  63.591  70.291  42.687  63.172
  70.175  43.658  62.689  71.225  42.686  63.732  70.349  41.624  62.077  69.377
  41.572  61.588  71.094  41.934  61.344  70.715  40.300  62.617  70.856  40.253
  63.616  70.867  39.195  61.906  70.706  39.195  60.606  70.402  40.061  60.184
  70.754  38.342  60.067  71.188  38.070  62.486  71.296  38.048  63.490  71.283
  37.216  61.956  69.433  44.818  64.912  70.566  45.281  64.942  68.354  45.483
  64.526  67.451  45.036  64.601  68.340  46.877  64.131  69.300  47.336  64.367
  68.072  47.013  62.628  67.057  46.659  62.446  68.100  48.073  62.373  69.021
  46.228  61.708  70.236  46.150  61.965  68.521  45.655  60.717  67.234  47.578
  64.911  66.281  46.941  65.362  67.323  48.892  65.023  68.116  49.351  64.597
  66.324  49.735  65.658  65.472  49.109  65.922  66.905  50.363  66.938  67.222
  49.566  67.611  68.109  51.261  66.615  67.843  52.061  65.925  68.493  51.696
  67.538  68.893  50.662  66.153  65.872  51.216  67.679  66.344  51.709  68.529
  65.483  51.989  67.015  64.718  50.378  68.210  65.085  49.623  68.906  64.066
  51.076  68.735  64.188  49.881  67.398  65.836  50.783  64.669  66.611  51.274
  63.848  64.556  51.151  64.749  63.977  50.780  65.489  64.050  52.257  63.957
  64.632  52.290  63.036  62.580  52.022  63.590  62.479  51.011  63.197  61.965
  52.100  64.487  62.073  53.039  62.550  62.390  54.053  62.794  62.637  52.710
  61.179  62.333  51.695  60.923  62.284  53.430  60.441  63.725  52.750  61.221
  60.547  53.008  62.475  60.135  53.266  63.451  60.202  53.735  61.740  60.210
  52.007  62.206  64.263  53.566  64.711  63.744  53.743  65.815  64.973  54.497
  64.090  65.404  54.268  63.206  65.255  55.825  64.635  64.624  55.993  65.508
  66.722  55.953  65.079  66.864  56.928  65.545  67.087  54.874  66.103  66.946
  53.890  65.656  68.126  54.988  66.411  66.443  54.965  66.978  67.661  55.863
  63.873  67.443  56.663  63.166  68.697  55.966  64.197  67.521  54.904  63.375
  64.917  56.894  63.609  64.790  56.617  62.414  64.770  58.127  64.071  64.910
  58.270  65.061  64.550  59.309  63.255  64.342  58.989  62.234  63.346  60.053
  63.822  62.573  59.327  64.074  63.645  60.575  64.732  62.781  61.064  62.825
  63.494  61.877  62.688  62.598  60.568  61.871  61.468  61.616  63.381  60.823
  60.781  63.655  61.686  62.204  64.272  60.755  62.484  62.347  61.393  63.336
  62.114  60.619  61.896  61.439  59.443  62.946  62.858  59.570  63.473  63.710
  58.965  63.529  62.186  58.855  62.160  63.094  65.800  60.176  63.286  66.348
  60.422  64.356  66.258  60.639  62.128  65.814  60.341  61.271  67.495  61.418
  62.045  67.480  62.159  62.844  68.714  60.494  62.256  68.601  59.961  63.200
  68.843  59.460  61.133  68.956  59.957  60.170  69.707  58.820  61.310  67.948
  58.838  61.106  69.998  61.313  62.354  69.909  62.003  63.193  70.848  60.652
  62.525  70.182  61.859  61.429  67.599  62.186  60.738  67.108  61.752  59.699
  68.247  63.346  60.784  68.683  63.618  61.653  68.574  64.097  59.576  67.688
  64.157  58.944  69.001  65.521  59.917  69.812  65.499  60.645  69.337  66.027
  59.013  67.896  66.198  60.469  68.130  67.114  60.633  69.679  63.379  58.814
  70.661  62.989  59.438  69.601  63.292  57.478  68.529  63.845  56.669  68.663
  64.921  56.560  67.543  63.613  57.074  68.670  63.142  55.345  68.222  63.699
  54.522  68.199  62.175  55.518  70.188  63.014  55.212  70.610  63.993  54.984
  70.507  62.287  54.466  70.580  62.601  56.628  70.463  61.522  56.730  72.033
  62.983  56.905  72.947  62.209  56.651  72.242  64.178  57.464  71.426  64.726
  57.696  73.548  64.647  57.906  74.234  64.571  57.063  73.379  66.108  58.318
  72.994  66.654  57.457  72.658  66.174  59.133  74.695  66.738  58.772  75.015
  66.287  59.712  75.458  66.543  58.018  74.516  68.248  58.979  73.645  68.416
  59.612  75.387  68.642  59.502  74.348  68.968  57.701  73.450  69.405  57.551
  75.283  69.113  56.772  76.483  68.617  56.935  76.666  68.083  57.773  77.205
  68.663  56.230  75.030  69.773  55.674  74.103  70.146  55.528  75.729  69.806
  54.946  74.154  63.795  59.027  75.351  63.556  59.003  73.344  63.365  59.994
  72.364  63.598  59.928  73.790  62.633  61.180  74.867  62.766  61.278  73.113
  63.201  62.436  72.085  62.838  62.472  73.634  62.815  63.312  73.108  64.708
  62.501  74.116  65.377  62.385  71.938  65.300  62.621  71.950  66.308  62.681
  71.116  64.722  62.726  73.583  61.119  61.150  73.681  60.515  62.215  73.263
  60.504  60.006  73.159  61.045  59.159  73.058  59.050  59.946  72.109  58.839
  60.439  72.943  58.560  58.492  73.776  58.966  57.918  73.006  57.021  58.446
  72.197  56.600  59.043  72.952  56.651  57.423  73.956  56.658  58.837  71.623
  59.074  57.891  70.790  58.679  58.473  71.609  60.162  57.961  71.436  58.682
  56.421  71.410  57.598  56.313  70.491  59.080  56.051  72.261  59.087  55.835
  74.191  58.301  60.679  75.360  58.421  60.295  73.863  57.565  61.755  72.572
  57.523  62.432  71.755  57.277  61.754  72.383  58.490  62.900  72.722  56.448
  63.501  72.554  55.472  63.044  72.062  56.598  64.355  74.198  56.570  63.869
  74.561  55.667  64.360  74.355  57.452  64.489  74.844  56.796  62.502  75.762
  57.375  62.604  75.163  55.471  61.812  74.298  54.849  61.201  76.391  54.984
  61.993  77.066  55.511  62.528  76.773  53.695  61.399  76.382  53.627  60.384
  78.296  53.564  61.394  78.685  53.759  62.393  78.563  52.545  61.113  78.955
  54.529  60.418  78.878  55.544  60.809  80.012  54.272  60.346  78.352  54.453
  59.020  77.695  55.428  58.614  78.738  53.509  58.297  76.195  52.506  62.149
  75.945  51.449  61.577  76.056  52.659  63.457  76.278  53.552  63.873  75.533
  51.647  64.342  74.602  51.259  63.929  76.552  50.503  64.486  76.121  49.728
  65.120  76.724  50.054  63.508  77.890  50.921  65.059  78.047  51.045  66.449
  77.209  50.845  67.101  79.273  51.466  66.986  79.373  51.581  68.055  80.348
  51.761  66.130  81.287  52.102  66.541  80.203  51.617  64.740  81.027  51.847
  64.081  78.971  51.202  64.204  78.842  51.115  63.135  75.251  52.312  65.681
  75.771  53.392  65.982  74.478  51.639  66.514  74.085  50.761  66.208  74.219
  52.065  67.876  74.767  52.983  68.089  72.718  52.334  68.072  72.152  51.504
  67.650  72.396  52.472  69.568  72.960  53.307  69.983  71.328  52.627  69.722
  72.660  51.560  70.104  72.342  53.617  67.310  72.976  54.432  67.659  72.535
  53.458  66.249  70.876  54.029  67.475  70.656  54.237  68.522  70.688  54.936
  66.902  70.230  53.226  67.119  74.763  50.980  68.777  74.276  49.853  68.752
  75.823  51.292  69.515  76.156  52.245  69.534  76.338  50.354  70.503  76.523
  49.404  70.001  77.653  50.865  71.091  78.336  51.100  70.275  77.440  51.775
  71.652  78.318  49.820  71.999  77.580  49.270  72.583  78.815  49.113  71.335
  79.302  50.445  72.993  78.841  51.221  73.860  80.520  50.188  72.834  75.309
  50.124  71.611  74.596  51.043  72.016  75.245  48.895  72.109  75.863  48.195
  71.724  74.361  48.495  73.189  74.018  49.386  73.715  73.150  47.750  72.615
  73.479  46.863  72.074  72.213  47.331  73.747  71.890  48.216  74.295  71.349
  46.805  73.341  72.734  46.662  74.432  72.391  48.643  71.639  73.026  48.906
  70.792  71.511  48.120  71.264  72.126  49.565  72.157  75.108  47.626  74.183
  75.327  46.446  73.926  75.471  48.190  75.328  75.259  49.162  75.501  76.143
  47.433  76.378  76.800  46.706  75.900  77.029  48.356  77.201  77.764  48.827
  76.549  76.393  49.123  77.642  77.743  47.598  78.317  77.335  47.818  79.475
  78.649  46.783  78.024  75.132  46.701  77.270  74.269  47.301  77.915  75.227
  45.382  77.296  75.948  44.955  76.732  74.352  44.498  78.059  73.521  45.077
  78.461  73.794  43.386  77.169  73.197  42.711  77.782  72.913  43.984  76.073
  73.517  44.647  75.453  72.501  43.185  75.456  72.107  44.562  76.523  74.918
  42.560  76.548  75.528  42.133  77.344  74.503  41.762  75.933  75.554  43.193
  75.929  75.060  43.891  79.248  74.484  43.015  79.882  76.270  44.339  79.584
  76.656  45.134  79.095  76.999  43.815  80.736  77.187  42.757  80.552  78.333
  44.540  80.915  78.896  44.077  81.726  78.903  44.494  79.987  78.087  45.861
  81.315  78.864  46.403  81.159  76.183  43.959  82.021  76.336  43.159  82.941
  75.278  44.943  82.074  75.221  45.566  81.281  74.471  45.209  83.250  75.118
  45.126  84.124  74.065  46.218  83.176  73.311  44.242  83.443  72.955  43.982
  84.584  72.738  43.708  82.361  73.089  43.951  81.445  71.596  42.806  82.448
  70.750  43.348  82.869  71.228  42.317  81.051  72.106  41.846  80.609  70.425
  41.597  81.206  70.741  43.390  80.077  71.510  44.155  79.967  70.459  42.762
  78.707  69.685  41.998  78.783  70.143  43.538  78.010  71.355  42.272  78.325
  69.463  44.034  80.610  69.658  44.498  81.577  69.108  44.808  79.928  68.701
  43.266  80.741  71.834  41.618  83.386  72.752  40.812  83.206  70.952  41.496
  84.364  70.204  42.170  84.441  70.906  40.402  85.311  71.869  39.890  85.302
  70.654  40.970  86.713  71.312  41.826  86.865  69.619  41.309  86.764  70.890
  39.973  87.852  70.656  40.456  88.801  70.205  39.133  87.733  72.327  39.452
  87.882  72.546  38.432  87.195  73.175  40.055  88.583  69.809  39.432  84.875
  68.906  39.796  84.120  69.891  38.168  85.281  70.673  37.903  85.863  68.854
  37.186  84.958  68.884  37.011  83.882  69.092  35.854  85.690  69.172  36.047
  86.759  67.909  34.900  85.437  67.825  34.722  84.365  68.053  33.965  85.976
  66.979  35.332  85.807  70.398  35.221  85.195  70.295  35.036  84.125  71.212
  35.926  85.362  70.763  33.916  85.911  69.999  33.156  85.747  71.709  33.540
  85.523  70.867  34.107  86.979  67.470  37.729  85.325  67.129  37.855  86.499
  66.632  37.923  84.314  66.994  37.813  83.378  65.303  38.484  84.473  64.627
  37.932  83.821  65.000  38.361  85.513  65.192  39.969  84.123  64.110  40.528
  84.288  66.226  40.562  83.533  67.100  40.062  83.456  66.247  41.968  83.150
  65.497  42.506  83.729  67.604  42.610  83.464  68.398  42.013  83.016  67.644
  43.598  83.005  67.872  42.785  84.955  67.191  42.141  85.777  68.770  43.610
  85.227  65.914  42.133  81.676  65.857  41.153  80.920  65.719  43.385  81.274
  65.804  44.131  81.950  65.441  43.766  79.900  65.963  43.078  79.236  63.939
  43.703  79.629  63.421  44.223  80.434  63.730  44.213  78.689  63.470  42.361
  79.562  62.523  42.393  79.403  65.951  45.174  79.639  65.683  46.092  80.406
  66.736  45.322  78.578  66.837  44.532  77.957  67.137  46.620  78.075  67.224
  47.314  78.911  68.496  46.467  77.382  69.125  45.860  78.033  68.353  45.928
  76.445  69.233  47.784  77.093  69.149  48.450  77.952  70.712  47.472  76.880
  70.825  46.786  76.040  71.265  48.389  76.678  71.134  47.009  77.772  68.683
  48.480  75.852  67.630  48.710  76.015  69.214  49.416  75.683  68.769  47.843
  74.972  66.028  47.054  77.123  65.740  46.325  76.171  65.414  48.203  77.353
  65.693  48.748  78.156  64.367  48.731  76.484  64.002  47.923  75.850  63.184
  49.243  77.307  63.539  50.013  77.992  62.451  49.690  76.635  62.530  48.166
  78.130  62.996  47.757  79.372  62.201  46.764  79.769  62.329  46.246  80.708
  61.264  46.512  78.836  60.538  45.813  78.889  61.472  47.373  77.782  60.934
  47.378  76.846  64.905  49.807  75.555  66.000  50.315  75.724  64.158  50.183
  74.532  63.298  49.681  74.365  64.587  51.205  73.595  65.443  50.832  73.032
  63.438  51.512  72.645  62.587  51.876  73.220  63.766  52.285  71.950  63.150
  50.617  72.093  65.010  52.477  74.331  66.038  53.060  74.003  64.258  52.863
  75.365  63.464  52.293  75.617  64.552  54.020  76.211  64.625  54.895  75.564
  63.419  54.222  77.216  63.540  55.204  77.674  62.461  54.170  76.699  63.450
  53.216  78.209  62.791  53.389  78.885  65.867  53.916  76.985  66.320  54.915
  77.541  66.478  52.736  77.011  66.065  51.973  76.494  67.768  52.500  77.630
  67.879  53.184  78.472  67.823  51.064  78.144  67.591  50.354  77.350  68.848
  50.848  78.445  66.913  50.807  79.339  66.726  49.595  79.591  66.698  51.707
  80.176  68.929  52.727  76.668  70.047  53.012  77.102  68.692  52.564  75.363
  67.750  52.347  75.070  69.700  52.786  74.344  70.494  52.054  74.491  69.094
  52.628  72.947  68.289  53.358  72.859  69.857  52.882  72.211  68.540  51.230
  72.637  67.988  50.834  73.489  67.610  51.303  71.427  68.142  51.700  70.562
  67.218  50.312  71.198  66.780  51.965  71.669  69.684  50.280  72.321  70.325
  50.202  73.199  69.299  49.292  72.070  70.259  50.661  71.478  70.294  54.187
  74.489  69.589  55.196  74.584  71.624  54.251  74.446  72.145  53.397  74.304
  72.344  55.517  74.475  71.780  56.231  75.076  73.722  55.330  75.093  74.246
  54.549  74.542  74.262  56.271  74.982  73.662  54.958  76.578  73.074  55.698
  77.120  73.202  53.976  76.691  75.088  54.926  77.131  75.664  54.193  76.566
  75.539  55.910  77.001  75.101  54.551  78.612  74.518  55.285  79.168  74.611
  53.584  78.726  76.488  54.485  79.127  76.964  55.367  79.005  76.502  54.219
  80.102  77.011  53.796  78.605  72.449  56.045  73.055  73.323  55.641  72.291
  71.516  56.912  72.691  70.788  57.133  73.355  71.424  57.447  71.341  71.599
  56.609  70.666  70.012  57.993  71.123  69.600  58.216  72.107  70.085  58.934
  70.577  69.025  57.100  70.353  69.158  57.250  69.282  69.151  55.607  70.650
  69.019  55.436  71.719  68.400  55.052  70.089  70.135  55.250  70.347  67.628
  57.565  70.748  67.582  58.635  70.547  66.876  57.003  70.194  67.468  57.440
  71.819  72.462  58.545  71.053  72.733  59.401  71.902  72.994  58.558  69.821
  72.883  57.512  68.815  72.030  57.704  68.164  72.814  56.508  69.235  74.184
  57.609  68.048  74.106  57.137  67.069  74.972  57.160  68.653  74.358  59.124
  67.971  73.678  59.496  67.204  75.383  59.428  67.758  73.890  59.601  69.350
  74.729  59.665  70.044  73.181  60.954  69.259  71.966  60.996  69.053  73.908
  62.079  69.347  75.341  62.211  69.555  75.849  62.148  68.593  75.743  61.462
  70.237  75.499  63.614  70.137  76.501  64.014  69.979  75.238  63.598  71.195
  74.447  64.390  69.345  74.855  64.592  68.354  74.135  65.318  69.824  73.294
  63.393  69.230  72.583  63.529  70.045  72.588  63.531  67.885  73.194  63.265
  66.847  71.324  63.954  67.884  70.846  64.092  68.763  70.550  64.089  66.651
  69.936  64.988  66.698  71.255  64.182  65.825  69.672  62.884  66.318  68.693
  63.044  65.594  70.027  61.696  66.803  70.840  61.635  67.399  69.252  60.471
  66.619  68.693  60.535  65.686  70.185  59.253  66.554  70.774  59.205  67.470
  69.378  57.959  66.410  68.769  58.020  65.508  70.042  57.096  66.365  68.715
  57.834  67.267  71.151  59.365  65.368  71.772  60.254  65.480  71.811  58.498
  65.343  70.589  59.435  64.437  68.250  60.305  67.753  68.607  60.389  68.924
  67.017  59.959  67.410  66.762  59.969  66.432  65.962  59.683  68.382  66.410
  59.480  69.355  65.092  60.917  68.611  64.301  60.642  69.309  65.720  61.680
  69.071  64.451  61.480  67.342  65.202  61.566  66.557  63.685  60.784  67.000
  63.847  62.867  67.585  64.619  63.815  67.859  62.612  62.986  67.407  65.142
  58.452  68.010  65.077  58.036  66.853  64.523  57.839  69.016  64.606  58.229
  69.944  63.700  56.655  68.821  64.304  55.897  68.322  63.213  56.128  70.177
  62.730  56.954  70.698  62.464  55.359  69.987  64.290  55.531  71.095  65.038
  56.285  71.342  63.619  55.074  72.389  62.856  54.327  72.172  64.371  54.655
  73.058  63.147  55.922  72.886  64.978  54.342  70.422  65.492  54.663  69.517
  65.720  53.924  71.103  64.239  53.580  70.172  62.506  56.928  67.904  61.795
  57.921  68.024  62.250  55.975  67.015  62.850  55.164  67.001  61.079  55.942
  66.148  60.516  56.868  66.265  61.549  55.832  64.703  62.108  54.902  64.603
  60.690  55.802  64.033  62.183  56.683  64.453  60.138  54.795  66.531  59.190
  54.498  65.792  60.408  54.170  67.676  61.194  54.498  68.217  59.651  53.065
  68.255  58.721  52.945  67.700  60.431  51.745  68.192  59.782  50.937  68.531
  60.853  51.449  66.754  61.503  52.257  66.419  61.394  50.504  66.702  59.965
  51.387  66.125  61.666  51.776  69.086  61.397  51.957  70.127  62.120  50.786
  69.045  62.351  52.559  68.760  59.299  53.388  69.692  59.909  54.268  70.303
  58.307  52.672  70.218  57.862  51.952  69.667  57.905  52.854  71.604  57.454
  53.844  71.664  56.847  51.838  72.007  55.918  52.083  71.492  57.176  50.836
  71.733  56.653  51.914  73.402  55.985  51.280  73.673  59.110  52.750  72.549
  59.926  51.847  72.401  59.223  53.636  73.543  58.341  54.763  73.769  57.480
  54.430  74.350  58.015  55.243  72.846  59.190  55.738  74.553  58.575  56.442
  75.113  59.864  56.246  73.862  59.981  54.789  75.449  59.324  54.446  76.248
  60.877  55.259  75.853  60.307  53.615  74.521  61.256  53.776  74.010  60.376
  52.306  75.309  61.445  51.909  75.760  59.233  51.640  75.461  58.398  52.022
  75.042  59.115  50.354  76.142  59.825  50.337  76.969  57.696  50.203  76.693
  56.983  50.316  75.876  57.608  49.197  77.103  57.378  51.226  77.787  58.236
  51.301  78.454  57.242  52.199  77.315  56.136  50.848  78.616  55.856  49.635
  78.781  55.482  51.784  79.124  59.416  49.153  75.235  59.214  47.996  75.623
  59.785  49.373  73.977  59.786  50.315  73.614  60.230  48.293  73.106  59.401
  47.590  73.023  60.635  48.827  71.727  60.945  49.869  71.814  61.508  48.287
  71.364  59.518  48.694  70.688  58.607  49.151  71.074  59.828  49.259  69.809
  59.259  47.229  70.283  59.053  46.378  71.185  59.306  46.968  69.061  61.414
  47.552  73.717  62.414  48.157  74.088  61.311  46.236  73.842  60.485  45.775
  73.487  62.385  45.435  74.430  62.830  45.986  75.258  61.830  44.120  74.979
  61.366  43.565  74.164  62.942  43.272  75.598  63.432  43.830  76.395  62.537
  42.334  75.979  63.689  43.036  74.839  60.845  44.381  75.968  60.535  43.542
  76.318  63.481  45.172  73.403  63.243  44.513  72.399  64.699  45.616  73.696
  64.823  46.129  74.557  65.876  45.430  72.841  65.546  45.382  71.803  66.849
  46.615  73.002  67.301  46.562  73.992  67.974  46.525  71.962  67.545  46.561
  70.960  68.672  47.352  72.091  68.524  45.590  72.070  66.127  47.969  72.895
  65.443  48.053  73.740  66.861  48.770  72.980  65.327  48.138  71.594  64.568
  47.360  71.516  64.828  49.107  71.587  65.992  48.075  70.732  66.583  44.117
  73.148  66.961  43.370  72.247  66.764  43.824  74.432  66.427  44.470  75.131
  67.385  42.598  74.890  67.122  41.796  74.202  68.906  42.779  74.885  69.189
  43.580  75.569  69.388  41.851  75.194  69.231  43.019  73.873  66.866  42.212
  76.269  66.185  42.988  76.934  67.216  41.012  76.700  67.790  40.441  76.095
  66.874  40.454  77.993  66.994  41.210  78.768  65.424  39.966  77.960  65.302
  39.231  77.165  65.171  39.516  78.921  64.764  40.814  77.777  67.820  39.304
  78.299  68.386  38.695  77.392  67.965  38.972  79.573  67.468  39.500  80.276
  68.763  37.829  80.006  69.174  37.321  79.133  69.932  38.241  80.895  69.556
  38.694  81.812  70.798  37.028  81.244  71.193  36.588  80.328  71.621  37.341
  81.887  70.199  36.288  81.776  70.800  39.252  80.168  70.186  40.105  79.880
  71.564  39.563  80.880  71.233  38.831  79.260  67.845  36.910  80.770  67.246
  37.323  81.749  67.680  35.681  80.334  68.132  35.425  79.468  66.734  34.736
  80.918  66.191  35.252  81.709  65.719  34.279  79.871  65.103  33.496  80.315
  64.744  35.389  79.548  65.274  36.249  79.138  64.024  35.005  78.825  64.221
  35.646  80.470  66.414  33.808  78.596  67.079  32.997  78.895  65.692  33.441
  77.867  66.984  34.622  78.147  67.405  33.546  81.589  68.496  33.151  81.216
  66.793  32.987  82.629  65.484  33.357  83.123  64.784  33.574  82.316  65.582
  34.231  83.767  65.032  32.144  83.912  64.663  31.390  83.216  64.275  32.398
  84.653  66.354  31.679  84.534  66.299  30.642  84.867  66.629  32.341  85.355
  67.348  31.872  83.390  68.332  32.158  83.762  67.469  30.594  82.550  66.602
  30.380  81.738  68.525  29.781  82.719  69.554  30.017  83.708  69.134  30.404
  84.637  70.286  30.716  83.302  70.192  28.660  83.925  69.534  28.059  84.552
  71.193  28.734  84.350  70.203  28.133  82.491  70.411  27.063  82.464  70.962
  28.651  81.904  68.809  28.538  81.976  68.855  28.749  80.907  67.773  27.416
  82.189  66.600  27.689  82.359  68.226  26.149  82.191  69.215  25.988  82.064
  67.349  24.983  82.343  67.920  24.078  82.136  66.799  24.892  83.785  67.650
  24.939  84.464  66.163  25.757  83.974  65.989  23.613  84.089  66.046  22.936
  83.236  66.500  23.093  84.899  64.509  23.846  84.506  63.600  23.999  83.662
  64.242  23.691  85.720  66.249  25.018  81.299  65.105  24.872  81.651  66.587
  25.229  80.023  67.556  25.432  79.820  65.561  25.538  79.015  66.072  25.665
  78.060  64.549  24.376  78.867  65.094  23.559  78.393  64.175  24.006  79.821
  63.307  24.709  78.038  63.444  25.456  77.048  62.239  24.074  78.234  64.835
  26.855  79.286  64.216  27.075  80.315  64.826  27.749  78.305  65.294  27.542
  77.435  64.135  29.035  78.487  63.246  28.862  79.093  65.049  29.957  79.269
  65.419  29.373  80.112  66.247  30.409  78.416  65.912  30.943  77.526  66.891
  31.042  79.026  66.824  29.536  78.110  64.283  31.141  79.844  63.451  30.803
  80.461  65.004  31.629  80.500  63.893  31.794  79.063  63.640  29.622  77.186
  63.456  30.822  77.008  63.470  28.742  76.223  63.576  27.772  76.486  63.092
  29.037  74.858  62.069  29.415  74.853  64.051  30.060  74.221  64.161  30.953
  74.836  65.028  29.585  74.130  63.561  30.542  72.856  63.237  29.715  72.225
  62.690  31.179  73.011  64.647  31.350  72.150  64.946  32.464  72.663  65.058
  30.937  71.046  63.178  27.711  74.107  63.862  27.603  73.096  62.530  26.675
  74.642  62.137  26.811  75.562  62.601  25.289  74.156  61.888  24.693  74.726
  62.221  25.239  72.665  63.008  25.720  72.084  62.207  24.200  72.335  60.888
  25.925  72.312  60.973  27.005  72.429  60.695  25.734  71.256  59.706  25.406
  73.148  58.789  25.574  72.583  59.842  24.335  73.300  59.584  26.124  74.504
  60.543  26.112  75.021  59.318  27.165  74.322  58.613  25.487  75.415  58.894
  24.542  75.634  58.600  25.989  76.291  57.682  25.512  75.024  63.964  24.644
  74.412  64.983  25.312  74.565  63.972  23.307  74.417  63.101  22.804  74.321
  65.197  22.553  74.691  66.046  23.211  74.506  65.173  22.127  76.166  64.607
  22.910  76.671  64.604  21.201  76.257  66.552  21.910  76.838  67.103  21.168
  76.259  67.380  23.202  76.843  66.855  23.986  77.388  68.349  23.024  77.309
  67.561  23.552  75.827  66.395  21.333  78.267  65.848  20.391  78.219  67.383
  21.169  78.698  65.884  21.960  78.997  65.322  21.366  73.753  64.537  20.420
  73.864  66.243  21.471  72.794  66.784  22.322  72.737  66.552  20.400  71.852
  65.663  20.179  71.262  67.664  20.861  70.903  68.564  21.084  71.476  67.895
  20.046  70.217  67.355  21.743  70.342  66.964  19.126  72.604  68.117  19.004
  73.013  65.992  18.227  72.787  65.056  18.474  72.501  66.170  16.960  73.512
  67.191  16.914  73.891  65.230  16.925  74.723  65.371  17.821  75.327  64.202
  16.917  74.360  65.458  15.685  75.602  64.746  15.732  76.425  65.214  14.792
  75.027  66.892  15.607  76.169  67.290  16.592  76.835  67.563  14.569  75.975
  65.961  15.740  72.606  66.891  14.920  72.489  64.839  15.688  72.011
