Cpptraj Generated trajectory                                                    
  52.418  29.776  45.503  52.091  28.876  45.569  52.080  28.242  44.290  53.061
  28.311  43.820  51.357  28.745  43.647  51.707  26.753  44.370  51.780  26.317
  43.373  52.649  26.047  45.168  51.957  25.083  45.946  52.411  24.105  45.789
  52.086  25.415  47.392  52.576  26.625  47.818  52.847  27.377  47.091  52.727
  26.891  49.135  53.086  27.859  49.452  52.405  25.850  50.044  52.540  26.081
  51.321  52.324  25.310  51.938  52.869  26.959  51.695  51.987  24.659  49.644
  51.819  24.412  48.321  51.445  23.302  47.947  50.290  26.461  44.898  50.018
  27.084  45.751  50.495  25.054  45.448  49.762  24.893  46.238  50.421  24.037
  44.465  50.251  23.199  44.902  49.274  26.602  43.919  47.823  27.144  44.341
  47.028  27.445  43.141  48.017  28.246  45.327  47.149  25.906  45.090  46.732
  24.735  44.404  47.552  24.335  43.808  45.906  24.988  43.740  46.274  23.641
  45.380  45.921  22.788  44.800  47.366  23.162  46.168  46.900  22.907  47.487
  47.183  21.895  47.776  47.536  23.847  48.449  48.069  25.034  48.030  47.992
  25.302  46.987  48.691  25.865  48.895  49.098  26.798  48.532  48.752  25.448
  50.251  49.301  26.255  51.120  49.328  25.934  52.077  49.701  27.141  50.846
  48.253  24.299  50.682  47.643  23.472  49.789  47.182  22.398  50.171  45.135
  24.055  46.329  45.290  25.042  46.764  45.364  23.042  47.449  44.932  23.444
  48.365  44.863  21.750  47.160  44.703  21.292  47.988  43.841  24.051  45.743
  42.701  25.003  46.336  41.469  24.933  45.529  43.272  26.358  46.522  42.379
  24.378  47.766  41.745  23.111  47.890  42.309  22.348  47.354  40.746  23.165
  47.458  41.635  22.672  49.354  41.097  21.725  49.391  42.921  22.436  49.916
  42.904  22.836  51.279  43.238  22.002  51.895  43.850  23.964  51.479  44.250
  24.750  50.431  43.836  24.569  49.450  45.134  25.755  50.612  45.434  26.357
  49.767  45.610  25.960  51.933  46.407  26.970  52.157  46.709  27.095  53.113
  46.733  27.569  51.412  45.227  25.221  52.964  44.357  24.197  52.757  43.993
  23.503  53.708  40.908  23.673  50.265  41.249  24.698  50.119  41.447  23.224
  51.621  41.363  24.066  52.307  40.811  22.073  52.151  40.972  22.038  53.097
  39.504  23.691  50.122  38.685  25.023  50.451  37.278  24.800  50.101  39.394
  26.203  49.852  38.825  25.125  52.037  38.210  24.174  52.898  38.551  23.169
  52.651  37.127  24.204  52.775  38.556  24.444  54.366  38.030  23.719  54.988
  39.950  24.252  54.608  40.377  25.209  55.570  40.853  24.693  56.404  41.373
  26.134  54.973  41.474  26.278  53.614  40.779  25.744  52.983  42.409  27.087
  53.065  42.495  27.166  51.991  43.261  27.777  53.972  44.136  28.613  53.481
  44.736  29.075  54.150  44.278  28.721  52.487  43.197  27.638  55.286  42.251
  26.819  55.817  42.176  26.700  57.038  38.173  25.847  54.863  38.464  26.636
  54.170  39.113  25.944  56.060  39.257  27.000  56.290  38.677  25.223  57.194
  39.084  25.600  57.977  36.798  26.028  55.141  36.175  27.501  55.070  34.720
  27.434  55.305  36.638  28.157  53.827  36.894  28.242  56.287  36.668  27.832
  57.624  36.897  26.772  57.733  35.619  27.974  57.888  37.552  28.622  58.591
  37.331  28.285  59.603  38.936  28.365  58.372  39.668  29.553  58.641  40.428
  29.360  59.398  40.366  29.953  57.403  40.159  29.510  56.121  39.355  28.834
  55.873  40.991  29.983  55.231  41.793  30.837  56.004  42.859  31.709  55.709
  43.328  31.871  54.480  44.082  32.524  54.322  42.869  31.378  53.728  43.439
  32.416  56.684  42.977  32.288  57.926  43.464  32.868  58.695  41.986  31.515
  58.348  41.428  30.815  57.324  37.343  30.141  58.545  37.314  30.549  57.535
  38.660  30.605  59.151  38.846  31.610  58.771  38.678  30.557  60.572  39.408
  31.104  60.871  36.184  30.573  59.224  35.280  31.721  58.559  34.109  31.893
  59.439  35.124  31.418  57.104  36.252  32.987  58.694  36.553  33.567  59.949
  36.849  32.780  60.642  35.672  34.073  60.345  37.708  34.571  59.849  37.905
  34.959  60.849  38.909  33.928  59.427  39.652  34.838  58.632  40.655  34.921
  59.050  39.796  34.332  57.249  38.855  33.505  56.686  37.995  33.213  57.271
  38.986  33.069  55.411  38.228  32.423  54.992  40.114  33.460  54.594  40.289
  33.099  53.434  41.031  34.266  55.237  41.827  34.578  54.700  40.927  34.728
  56.535  41.795  35.455  57.028  37.471  35.779  58.928  37.050  35.495  57.963
  38.920  36.194  58.694  38.925  36.756  57.760  39.513  36.929  59.764  40.254
  37.429  59.413  36.678  36.817  59.461  35.969  37.857  58.460  35.099  38.725
  59.279  35.451  37.105  57.297  37.217  38.714  57.930  37.780  39.716  58.744
  38.145  39.265  59.666  37.021  40.454  59.001  38.944  40.414  58.045  39.311
  41.182  58.726  40.024  39.510  57.801  40.741  39.975  56.668  41.782  40.150
  56.940  40.740  38.959  55.606  39.908  37.885  55.465  39.110  37.681  56.164
  40.152  37.166  54.406  41.221  37.826  53.787  41.939  37.564  52.565  41.787
  36.672  51.730  42.948  38.480  52.315  43.472  38.333  51.464  43.249  39.527
  53.128  44.252  40.311  52.792  44.735  40.187  51.914  44.440  41.104  53.388
  42.613  39.809  54.264  41.599  38.923  54.533  38.626  41.088  56.699  38.102
  40.420  56.016  40.052  41.263  56.189  39.976  41.347  55.105  40.781  42.353
  56.760  41.477  42.560  56.133  37.934  42.318  56.725  37.085  42.768  55.438
  36.446  44.069  55.781  36.323  41.634  54.881  38.199  43.071  54.334  39.113
  44.125  54.485  39.627  44.008  55.439  38.573  45.072  54.482  40.161  44.128
  53.370  40.906  44.883  53.620  40.872  42.894  53.323  41.218  42.606  51.978
  42.295  42.448  51.918  40.565  41.357  51.513  39.494  40.823  52.180  39.091
  41.321  53.050  38.920  39.681  51.748  38.062  39.296  52.279  39.474  39.063
  50.599  38.913  37.990  50.117  39.365  37.552  49.326  38.155  37.558  50.625
  40.516  39.558  49.944  41.091  40.698  50.396  42.063  41.152  49.781  39.639
  44.444  51.958  38.727  43.911  51.688  40.774  43.832  51.156  40.369  43.577
  50.177  41.879  44.715  51.078  42.438  44.374  50.376  39.468  45.828  51.673
  38.303  46.263  50.662  38.400  47.702  50.345  37.026  45.714  51.123  38.634
  45.511  49.294  39.743  45.858  48.498  40.639  45.907  49.117  39.558  46.836
  48.054  39.971  44.816  47.396  40.858  45.102  46.831  40.268  43.538  47.940
  39.639  42.530  47.171  40.357  41.743  46.943  38.554  41.903  47.941  37.873
  42.415  49.015  38.088  43.385  49.440  36.940  41.633  49.471  37.037  40.493
  48.664  36.282  39.269  48.664  35.336  38.953  49.381  36.676  38.362  47.693
  36.182  37.482  47.658  37.688  38.606  46.818  37.952  37.654  45.953  37.452
  36.777  45.923  38.681  37.813  45.273  38.405  39.738  46.764  38.032  40.646
  47.724  38.803  44.642  46.415  37.836  44.580  46.913  39.118  43.236  45.912
  38.193  42.808  45.526  40.195  43.183  44.997  40.041  42.440  44.409  38.736
  45.670  45.439  37.319  46.296  44.997  37.526  47.747  45.123  36.181  45.728
  45.761  37.174  45.859  43.462  37.483  44.531  43.041  36.673  44.120  42.439
  37.620  43.876  43.901  38.778  44.535  42.220  39.432  45.301  42.637  39.472
  43.305  42.355  40.125  42.988  41.140  41.187  42.806  41.302  39.516  41.732
  40.673  38.438  41.074  41.204  37.857  41.484  42.017  38.183  39.922  40.654
  39.170  39.820  39.667  39.488  38.860  38.678  38.801  37.741  38.485  39.036
  37.100  37.740  37.990  37.619  39.074  40.545  39.041  37.884  41.252  40.160
  38.027  42.104  40.281  37.374  41.082  41.140  38.899  40.003  40.907  39.693
  38.617  44.828  40.721  37.775  44.303  40.269  39.906  44.187  40.199  39.748
  43.898  39.160  41.029  45.045  40.341  41.750  44.717  39.800  38.490  46.192
  40.391  37.735  46.604  39.049  38.101  47.998  38.768  36.295  46.258  39.181
  38.343  45.650  37.917  39.516  45.974  37.201  40.379  45.986  37.866  39.381
  46.966  36.769  39.774  44.956  36.082  40.662  45.266  35.530  40.056  43.662
  36.618  39.436  42.679  35.798  40.149  41.893  35.551  38.350  42.035  36.561
  37.697  42.520  37.663  37.922  43.486  38.091  36.802  41.712  38.154  36.858
  40.597  37.307  36.111  39.361  37.293  35.200  38.990  38.032  36.480  38.480
  36.285  35.987  37.601  36.225  37.457  38.757  35.386  37.728  37.822  34.503
  37.248  36.937  34.422  38.452  38.045  33.835  38.169  39.884  35.368  37.823
  40.778  36.343  38.638  44.817  35.057  37.651  44.790  35.517  38.926  43.411
  34.539  37.982  43.016  34.164  39.946  43.339  33.548  39.721  42.574  33.013
  38.609  45.809  34.048  37.182  46.315  33.512  37.385  47.220  32.364  36.367
  46.771  34.664  36.492  44.968  33.005  36.883  44.330  31.807  37.946  44.091
  31.851  36.706  44.991  30.958  36.106  43.030  31.591  36.436  42.622  30.635
  36.402  42.079  32.619  35.227  41.336  32.918  35.443  40.268  32.895  34.773
  41.671  34.281  35.100  42.764  35.040  35.776  43.524  34.676  34.521  42.815
  36.211  33.771  41.623  36.224  32.898  41.012  37.156  32.633  41.558  38.333
  31.981  41.121  38.969  33.091  42.431  38.551  32.283  39.854  36.872  32.551
  39.297  35.693  32.059  38.361  35.473  33.350  39.733  34.731  33.927  40.921
  35.059  34.578  43.160  31.508  34.169  43.793  32.294  34.186  41.722  31.850
  33.162  41.749  32.221  34.326  40.802  30.776  33.817  40.013  30.978  34.068
  43.632  30.273  32.741  44.531  30.273  32.383  44.928  28.895  32.907  45.619
  31.265  31.648  43.496  30.836  31.283  42.330  30.113  32.174  41.742  29.892
  30.813  42.605  29.169  30.322  41.454  30.925  30.078  40.568  30.338  30.939
  40.980  32.119  29.991  40.996  33.172  30.005  40.032  33.681  30.375  42.020
  34.159  31.357  42.971  34.057  31.960  43.083  33.168  31.493  43.717  35.118
  30.513  43.227  35.987  30.149  43.627  37.318  30.641  44.508  38.027  29.117
  42.871  37.853  28.805  43.126  38.779  28.521  41.833  37.205  27.567  41.173
  37.826  27.271  41.490  38.738  27.105  40.428  37.324  28.840  41.412  35.985
  29.841  42.163  35.419  29.001  42.133  31.315  29.142  43.156  31.663  28.621
  41.290  32.530  27.962  41.905  33.143  28.034  40.027  32.228  27.551  39.721
  32.999  28.021  42.155  30.298  26.976  43.370  30.244  26.093  43.179  29.076
  27.698  44.646  30.447  26.112  43.117  31.567  25.250  42.007  31.674  25.832
  41.088  31.601  24.528  42.032  30.857  24.503  42.010  33.010  23.822  41.159
  33.011  25.385  41.808  34.115  24.925  42.592  35.207  24.841  41.956  36.088
  25.895  43.656  35.545  26.819  44.101  34.630  26.838  43.678  33.636  27.700
  45.075  34.954  28.409  45.418  34.214  27.697  45.683  36.266  28.422  46.591
  36.642  26.778  45.149  37.137  26.737  45.569  38.054  25.861  44.166  36.845
  25.060  43.779  37.703  23.671  43.274  33.288  24.219  44.194  33.084  23.547
  43.150  34.805  23.337  44.149  35.186  22.592  42.193  35.267  22.327  42.463
  36.149  22.429  43.361  32.613  21.808  44.815  32.305  20.570  44.663  31.515
  22.849  45.713  31.777  21.443  45.330  33.780  20.452  44.682  34.549  20.733
  43.640  34.707  19.503  44.698  34.014  20.286  45.354  35.915  19.522  44.807
  36.468  21.482  45.278  36.686  21.578  46.434  37.507  21.639  46.141  38.555
  22.828  47.154  37.189  23.752  46.876  36.216  23.609  46.096  35.483  24.803
  47.648  36.250  24.554  48.513  37.319  25.233  49.616  37.902  26.393  50.095
  37.480  26.801  50.956  37.815  26.803  49.650  36.672  24.720  50.257  38.962
  23.556  49.811  39.423  23.149  50.341  40.271  22.797  48.815  38.987  23.360
  48.198  37.911  19.859  46.828  35.863  20.415  47.406  35.125  20.315  47.287
  37.248  20.529  48.353  37.165  19.373  47.043  38.295  19.673  47.520  39.072
  18.481  47.052  35.642  18.026  48.276  34.728  16.563  48.449  34.914  18.634
  48.181  33.386  18.742  49.520  35.432  18.244  50.062  36.629  18.179  49.270
  37.375  17.253  50.477  36.444  19.158  51.162  37.167  18.722  51.554  38.085
  20.429  50.646  37.531  21.420  51.616  37.237  22.071  51.760  38.100  22.276
  51.137  36.144  22.045  50.109  35.275  21.159  49.494  35.328  22.968  49.966
  34.373  23.921  50.942  34.704  25.180  51.302  34.107  25.736  50.820  33.120
  25.812  52.346  34.767  26.677  52.653  34.344  25.294  52.996  35.851  25.989
  53.943  36.441  26.820  54.253  35.959  25.589  54.485  37.193  24.138  52.692
  36.435  23.499  51.658  35.805  19.392  52.341  36.218  19.656  52.026  35.209
  20.665  52.898  36.838  21.163  53.471  36.056  20.469  53.654  38.028  21.247
  54.210  38.108  18.312  53.248  36.124  18.090  54.023  34.735  16.827  54.770
  34.938  18.215  53.015  33.655  19.372  54.976  34.678  19.616  55.960  35.664
  19.590  55.493  36.648  18.849  56.734  35.629  20.995  56.597  35.478  21.163
  57.289  36.303  22.031  55.622  35.558  23.099  56.035  34.718  24.027  56.094
  35.287  23.315  55.037  33.660  22.602  53.897  33.408  21.733  53.631  33.991
  23.058  53.182  32.417  24.182  53.915  31.985  25.122  53.703  30.914  25.144
  52.806  30.067  26.095  54.689  30.835  26.770  54.605  30.088  26.179  55.751
  31.683  27.148  56.621  31.525  27.784  56.524  30.747  27.186  57.429  32.130
  25.330  55.988  32.674  24.352  55.038  32.767  21.189  57.385  34.175  20.848
  56.854  33.286  22.712  57.410  34.138  23.001  57.547  33.096  23.303  58.382
  34.990  24.182  58.554  34.644  20.586  58.659  34.183  19.952  59.246  32.834
  19.371  60.570  33.103  19.094  58.229  32.190  21.193  59.414  31.841  22.234
  60.334  32.099  22.584  60.217  33.125  21.854  61.348  31.970  23.428  60.104
  31.162  24.209  60.818  31.422  23.993  58.812  31.363  24.349  58.257  30.106
  25.362  57.856  30.142  23.442  57.127  29.817  22.284  56.778  30.465  21.858
  57.373  31.259  21.755  55.660  30.056  22.646  55.216  29.069  22.654  54.026
  28.253  21.863  53.081  28.243  23.714  53.964  27.355  23.744  53.165  26.738
  24.680  54.923  27.279  25.607  54.779  26.356  25.685  53.938  25.802  26.349
  55.463  26.403  24.727  56.021  28.034  23.678  56.116  28.912  23.135  60.263
  29.661  22.187  59.818  29.358  24.256  59.404  29.086  23.972  59.087  28.082
  25.508  60.075  29.090  26.113  59.629  28.492  23.159  61.593  29.195  22.260
  61.988  27.941  22.561  63.395  27.603  20.880  61.521  28.251  22.812  61.038
  26.787  23.994  61.334  26.079  24.841  61.355  26.766  23.892  62.308  25.601
  24.248  60.269  25.012  25.150  60.533  24.460  24.483  58.992  25.610  23.866
  57.998  24.807  24.576  57.198  24.600  22.728  57.407  25.536  22.015  57.934
  26.582  22.248  58.903  26.999  21.047  57.175  27.028  21.136  56.053  26.181
  20.402  54.848  26.052  19.355  54.549  26.809  18.873  53.671  26.676  19.109
  55.208  27.533  20.738  53.944  25.124  21.773  54.213  24.337  22.027  53.468
  23.597  22.565  55.277  24.344  22.171  56.178  25.290  23.102  60.110  24.002
  22.125  60.072  24.483  23.408  58.699  23.516  22.466  58.317  23.122  24.481
  58.598  22.581  24.399  57.766  22.109  23.024  61.079  22.978  21.579  61.483
  22.394  21.794  62.509  21.362  20.664  61.756  23.520  21.091  60.111  21.724
  21.797  59.503  20.667  22.851  59.427  20.936  21.715  60.109  19.765  21.252
  58.092  20.406  21.832  57.650  19.595  21.429  57.222  21.519  20.274  56.426
  21.689  20.572  55.389  21.841  19.532  56.858  22.891  19.687  57.986  23.661
  20.408  58.757  23.430  18.890  58.042  24.696  18.151  56.863  24.588  17.121
  56.280  25.356  16.639  56.844  26.459  15.867  56.403  26.937  17.008  57.755
  26.691  16.598  55.102  25.002  17.078  54.519  23.907  16.640  53.572  23.629
  18.032  54.939  23.087  18.538  56.135  23.497  19.767  58.038  20.023  19.140
  58.668  20.655  19.433  56.602  20.409  18.359  56.561  20.595  19.824  55.610
  19.464  19.370  54.798  19.702  19.515  58.363  18.674  18.313  59.362  18.300
  18.509  59.865  16.929  18.020  60.291  19.410  17.071  58.363  18.280  17.027
  57.267  17.398  18.002  56.781  17.358  16.744  57.601  16.400  16.011  56.256
  17.922  16.030  55.371  17.285  16.366  55.813  19.225  15.190  55.601  19.983
  15.213  54.582  20.369  15.141  56.511  21.162  16.014  57.557  21.312  16.748
  57.766  20.548  15.949  58.352  22.402  16.651  59.168  22.485  14.953  58.057
  23.371  14.805  58.834  24.414  14.121  58.562  25.105  15.471  59.582  24.551
  14.101  57.056  23.246  14.199  56.243  22.159  13.418  55.300  22.016  14.570
  56.786  17.983  14.489  57.792  18.394  13.999  55.811  19.012  13.135  56.292
  19.471  13.629  54.549  18.469  13.169  54.050  19.148  13.881  56.795  16.744
  13.051  57.259  16.875  46.741  30.475  32.480  47.521  30.280  31.957  48.414
  29.487  32.736  47.924  28.550  33.002  48.673  30.003  33.661  49.717  29.154
  31.994  50.355  28.564  32.652  49.457  28.325  30.873  50.347  28.662  29.817
  50.924  27.778  29.545  49.576  29.074  28.609  48.222  29.289  28.674  47.719
  29.215  29.626  47.514  29.595  27.562  46.451  29.771  27.631  48.229  29.653
  26.333  47.573  29.954  25.244  48.089  30.024  24.379  46.589  30.177  25.261
  49.529  29.413  26.243  50.226  29.102  27.369  51.433  28.864  27.293  50.538
  30.366  31.534  49.924  31.169  31.126  51.301  29.748  30.363  51.499  30.541
  29.643  52.499  29.087  30.742  53.040  29.002  29.954  51.344  30.914  32.565
  51.760  32.459  32.497  52.550  32.809  33.695  50.567  33.256  32.139  52.763
  32.510  31.267  54.055  31.953  31.332  53.991  30.888  31.557  54.612  32.455
  32.123  54.785  32.127  29.997  55.810  31.774  30.110  54.210  31.314  28.982
  54.241  32.027  27.754  54.713  31.409  26.991  52.856  32.315  27.293  51.819
  32.415  28.175  52.024  32.340  29.233  50.551  32.601  27.747  49.750  32.664
  28.468  50.358  32.729  26.346  49.154  32.989  25.908  49.042  33.082  24.909
  48.357  33.043  26.526  51.355  32.675  25.476  52.617  32.449  25.928  53.561
  32.411  25.140  54.832  33.576  29.488  53.869  34.080  29.562  55.067  33.306
  28.007  54.708  34.166  27.443  56.419  33.011  27.694  56.501  33.143  26.747
  55.801  34.391  30.133  55.555  35.973  30.188  56.649  36.450  31.055  54.156
  36.217  30.588  55.782  36.421  28.677  57.027  36.238  28.033  57.326  35.192
  28.107  57.784  36.853  28.519  56.937  36.606  26.551  57.929  36.514  26.109
  56.109  35.694  25.839  55.397  36.418  24.842  55.570  35.957  23.870  53.933
  36.365  25.104  53.436  36.022  26.331  54.116  35.907  27.162  52.107  35.879
  26.530  51.737  35.608  27.507  51.257  36.162  25.431  49.965  36.134  25.625
  49.394  36.324  24.813  49.574  35.823  26.502  51.717  36.527  24.245  53.058
  36.619  24.049  53.502  36.949  22.950  56.424  38.031  26.290  55.540  38.281
  26.877  55.953  37.860  24.853  55.202  38.624  24.651  57.013  37.907  23.916
  56.632  38.090  23.054  57.385  39.045  26.526  56.894  40.512  26.926  58.115
  41.267  27.275  55.807  40.431  27.925  56.276  41.075  25.578  57.080  41.276
  24.432  57.622  40.360  24.194  57.800  42.072  24.623  56.228  41.645  23.218
  56.893  41.856  22.380  55.399  40.559  22.818  54.180  41.087  22.307  54.022
  40.713  21.296  53.035  40.635  23.139  53.221  40.202  24.423  54.211  40.240
  24.854  52.182  39.757  25.162  52.347  39.413  26.172  50.900  39.788  24.551
  49.864  39.435  25.263  48.967  39.443  24.798  49.979  39.073  26.198  50.694
  40.200  23.310  51.757  40.625  22.577  51.576  41.026  21.429  55.324  42.866
  23.426  54.759  42.822  24.357  54.327  42.623  22.300  53.411  43.163  22.544
  54.817  42.979  21.021  54.061  43.118  20.446  55.993  44.110  23.417  55.359
  45.328  24.233  56.218  46.519  24.122  54.942  44.891  25.601  54.006  45.615
  23.449  54.013  46.069  22.102  54.547  45.361  21.468  54.522  47.030  22.025
  52.585  46.206  21.567  52.634  46.606  20.555  51.941  44.939  21.481  50.557
  45.110  21.759  49.955  44.740  20.929  50.231  44.292  22.942  51.092  43.762
  23.867  52.154  43.950  23.826  50.524  43.056  24.808  49.168  43.101  24.436
  47.976  42.582  24.988  47.955  41.865  26.101  47.068  41.489  26.404  48.843
  41.621  26.516  46.794  42.854  24.424  46.778  43.593  23.318  45.815  43.783
  22.867  47.807  44.147  22.692  48.984  43.856  23.307  51.685  47.129  22.398
  51.753  46.949  23.471  50.316  46.620  21.969  49.620  46.849  22.775  49.892
  47.157  20.726  48.946  47.027  20.635  51.916  48.502  22.175  51.814  49.518
  23.401  52.161  50.853  22.886  52.545  48.925  24.552  50.261  49.460  23.756
  49.296  49.983  22.867  49.475  49.583  21.869  49.377  51.069  22.830  47.879
  49.591  23.290  47.178  50.021  22.575  47.697  48.180  23.234  46.791  47.800
  24.255  45.963  47.257  23.800  47.441  46.888  25.222  48.797  46.902  25.427
  49.401  47.590  24.854  49.373  46.077  26.336  50.444  46.116  26.467  48.581
  45.161  27.134  49.037  44.418  28.007  47.229  45.190  26.852  46.629  44.570
  27.377  46.619  46.015  25.925  45.402  45.991  25.755  47.469  50.037  24.700
  48.222  49.791  25.448  46.290  49.096  24.919  46.135  49.026  25.996  45.099
  49.452  24.225  44.352  49.049  24.673  47.161  51.403  24.858  47.276  52.060
  26.318  47.013  53.503  26.193  48.507  51.572  26.981  46.053  51.372  27.088
  44.727  51.632  26.676  44.599  51.315  25.641  44.524  52.703  26.716  43.712
  50.887  27.541  42.719  51.173  27.194  43.830  49.472  27.383  43.275  48.862
  28.540  42.360  48.330  28.276  44.215  47.863  29.072  45.553  47.738  28.819
  46.071  48.424  28.164  46.127  46.742  29.440  45.068  46.140  30.138  45.023
  44.989  31.004  45.942  44.235  31.351  43.752  44.733  31.501  43.640  43.956
  32.137  42.646  45.464  31.196  41.503  45.113  31.734  41.423  44.356  32.398
  40.683  45.667  31.531  42.653  46.531  30.404  43.892  46.821  29.906  43.783
  51.172  29.050  44.795  51.072  29.444  42.965  49.983  29.552  43.296  49.770
  30.569  41.563  50.208  29.491  41.131  49.596  30.091  43.293  52.427  29.488
  43.608  52.894  30.989  43.091  54.262  31.216  45.017  52.575  31.333  42.711
  51.902  31.865  43.057  51.571  33.196  42.892  52.441  33.832  44.105  51.273
  33.240  42.193  50.407  33.683  41.144  50.663  33.531  42.439  49.230  32.927
  42.374  48.094  33.778  41.672  47.375  33.356  43.714  47.449  33.856  44.821
  48.053  33.311  44.724  49.021  32.841  46.033  47.459  33.368  46.900  47.956
  32.959  46.096  46.188  33.988  47.256  45.597  34.076  47.267  44.696  34.532
  48.095  46.038  33.728  45.044  45.566  34.494  43.831  46.175  34.427  42.864
  45.577  34.888  42.393  50.051  35.163  43.439  49.999  35.462  41.885  48.613
  35.149  42.328  48.095  35.999  40.472  48.546  35.172  40.196  47.647  35.366
  41.734  50.919  36.067  42.529  51.464  37.337  41.601  52.146  38.253  43.711
  52.212  36.831  43.050  50.117  38.035  42.144  49.170  38.585  41.410  48.869
  37.838  41.608  49.608  39.427  42.888  47.915  39.049  42.168  47.240  39.513
  43.461  47.215  37.945  44.707  46.667  38.341  44.736  45.608  38.085  45.777
  47.323  37.572  45.729  48.537  36.941  44.842  49.153  36.956  46.838  48.872
  36.341  47.679  47.775  36.576  49.036  47.522  36.170  49.782  48.248  35.509
  49.531  46.294  36.589  50.481  46.053  36.344  48.799  45.406  37.316  49.394
  44.283  37.632  50.340  44.045  37.372  48.886  43.611  38.190  47.536  45.601
  37.712  47.028  46.810  37.313  44.016  48.188  40.057  44.667  49.001  39.735
  44.828  46.912  39.860  45.841  47.120  40.206  44.266  45.762  40.468  44.989
  45.170  40.688  43.597  48.486  41.384  44.415  49.551  42.263  43.598  49.905
  43.458  44.951  50.667  41.433  45.687  48.725  42.777  45.685  48.069  44.037
  45.331  48.773  44.790  46.700  47.764  44.294  44.780  46.837  44.038  43.772
  47.133  43.747  45.228  45.887  43.095  44.986  44.574  43.564  44.355  44.021
  42.868  46.304  43.912  43.595  47.478  44.356  43.043  47.575  45.329  42.585
  48.463  43.511  43.141  47.900  42.416  43.788  48.390  41.164  44.231  49.650
  40.761  44.113  49.944  39.846  44.424  50.263  41.408  43.638  47.571  40.298
  44.829  46.304  40.662  45.003  45.663  39.946  45.495  45.708  41.794  44.655
  46.575  42.643  44.045  44.693  46.132  45.388  45.668  46.055  45.871  44.296
  44.728  44.939  44.648  44.010  45.679  42.895  44.645  44.749  42.666  43.718
  44.649  43.792  46.774  46.285  44.376  47.237  47.696  43.264  47.795  48.491
  45.553  48.083  47.440  44.852  45.851  48.315  43.915  44.866  48.679  43.275
  44.620  47.833  43.310  45.300  49.475  44.607  43.577  49.142  43.860  42.908
  49.570  45.164  42.881  48.029  46.426  42.345  48.402  46.493  41.296  48.113
  47.470  43.050  47.642  47.350  44.243  46.992  46.426  44.801  47.026  48.423
  44.617  46.356  49.331  43.580  46.614  50.704  43.379  46.235  51.453  44.089
  45.591  51.282  42.213  46.695  52.245  42.057  46.433  50.603  41.308  47.434
  51.272  40.225  47.771  52.257  40.125  47.568  50.725  39.591  48.335  49.340
  41.447  47.833  48.749  42.606  47.392  45.706  43.784  50.197  46.335  44.648
  49.983  46.560  42.546  49.928  47.577  42.783  50.242  46.095  41.366  50.569
  46.860  40.791  50.647  45.249  43.914  51.536  45.969  44.964  52.511  45.469
  44.784  53.884  45.898  46.313  51.882  47.497  44.488  52.459  47.941  43.370
  53.210  47.409  42.471  52.902  47.748  43.536  54.270  49.439  43.138  53.016
  49.725  42.302  53.654  49.729  42.780  51.664  50.985  43.331  51.298  51.622
  42.562  50.862  50.774  44.354  50.257  49.632  45.055  49.982  48.713  44.897
  50.526  49.765  45.956  49.052  51.094  45.771  48.619  51.921  46.368  47.632
  51.503  47.334  46.833  52.106  47.758  46.143  50.545  47.645  46.909  53.199
  45.981  47.500  53.648  45.018  48.294  54.677  44.720  48.159  52.995  44.352
  49.242  51.711  44.792  49.353  50.349  44.318  53.385  49.994  45.261  52.968
  51.590  43.923  52.590  52.157  44.838  52.417  52.387  42.920  53.223  53.235
  42.933  52.774  50.602  44.515  54.769  50.814  46.017  55.298  51.094  46.009
  56.756  49.739  46.862  54.752  52.162  46.456  54.563  53.397  45.854  54.884
  53.323  44.775  54.750  53.646  46.059  55.925  54.509  46.379  53.978  55.435
  45.875  54.255  54.268  46.033  52.621  54.766  47.071  51.793  55.407  46.651
  51.018  53.642  47.726  51.108  52.305  47.604  51.374  51.934  46.962  52.160
  51.536  48.333  50.617  52.451  48.975  49.762  52.255  49.923  48.702  51.203
  50.410  48.304  53.432  50.319  48.094  53.332  50.978  47.335  54.665  49.868
  48.439  55.702  50.352  47.794  55.584  51.003  47.031  56.621  49.977  47.980
  54.901  49.010  49.438  53.745  48.593  50.049  54.759  47.896  54.046  53.850
  48.494  53.983  55.502  48.060  52.724  55.399  49.102  52.421  56.866  47.673
  52.778  57.258  48.060  51.992  55.470  48.312  55.200  55.364  49.828  55.696
  56.212  49.924  56.901  53.931  50.146  55.813  56.014  50.690  54.522  57.394
  50.598  54.246  57.662  49.559  54.051  57.953  50.942  55.115  57.776  51.434
  53.025  58.842  51.301  52.845  57.129  50.979  51.844  56.861  52.109  51.020
  57.249  51.936  50.017  55.403  52.321  50.877  54.505  51.751  51.752  54.859
  51.122  52.555  53.177  51.981  51.627  52.482  51.534  52.322  52.659  52.834
  50.580  51.488  53.143  50.434  53.616  53.328  49.728  53.279  53.935  48.995
  54.970  53.127  49.819  55.735  53.675  49.023  57.475  52.937  53.167  56.467
  53.152  53.521  57.528  53.324  51.706  56.982  54.260  51.581  58.846  53.469
  51.233  58.685  53.792  50.344  58.377  53.663  53.972  57.902  55.015  54.652
  59.079  55.418  55.453  56.668  54.770  55.410  57.619  56.048  53.466  58.672
  56.556  52.671  59.127  55.744  52.104  59.427  56.999  53.321  58.176  57.617
  51.685  59.029  57.959  51.099  57.249  57.054  50.766  56.310  58.050  50.384
  56.322  58.198  49.304  54.955  57.580  50.735  54.599  56.470  51.454  55.332
  55.827  51.920  53.312  56.281  51.547  52.772  57.339  50.805  51.460  57.776
  50.488  50.352  57.175  50.896  49.446  57.594  50.742  50.443  56.345  51.464
  51.275  58.868  49.743  52.350  59.512  49.306  52.175  60.396  48.711  53.629
  59.235  49.528  53.772  58.122  50.293  57.524  58.855  52.316  56.824  58.611
  53.115  56.717  59.346  51.117  55.865  59.900  51.511  57.492  60.139  50.222
  56.873  60.589  49.642  58.422  59.828  52.823  58.013  60.689  54.102  58.972
  61.803  54.278  57.813  59.788  55.259  56.566  61.261  53.735  56.400  62.371
  52.874  56.930  62.199  51.938  56.813  63.254  53.363  54.928  62.628  52.545
  54.865  63.467  51.852  54.360  61.518  51.869  53.011  61.362  52.267  52.371
  61.258  51.390  52.875  60.125  53.049  53.862  59.338  53.574  54.907  59.555
  53.411  53.430  58.358  54.318  52.027  58.450  54.186  50.950  57.663  54.732
  51.017  56.680  55.471  49.691  58.130  54.374  48.904  57.624  54.754  49.478
  59.229  53.592  48.252  59.596  53.316  47.489  59.075  53.724  48.083  60.401
  52.729  50.444  59.991  53.089  51.692  59.541  53.412  54.026  62.918  53.751
  54.172  62.202  54.560  52.674  62.598  53.122  51.975  62.397  53.934  52.196
  63.610  52.252  51.255  63.461  52.135  54.149  64.206  54.317  53.796  64.413
  55.861  54.123  65.812  56.179  54.414  63.337  56.669  52.224  64.179  55.955
  51.325  65.002  55.227  51.605  65.023  54.173  51.361  66.023  55.604  49.896
  64.465  55.316  49.255  65.056  54.661  49.846  63.130  54.835  48.893  62.401
  55.590  48.174  61.914  54.932  49.594  61.340  56.328  50.931  61.047  56.332
  51.645  61.626  55.766  51.262  60.048  57.102  50.017  59.595  57.587  49.656
  58.514  58.468  50.383  57.689  59.023  48.295  58.442  58.721  47.971  57.716
  59.344  47.371  59.283  58.178  46.107  59.122  58.481  45.834  58.408  59.141
  45.419  59.759  58.106  47.661  60.290  57.365  48.997  60.389  57.107  49.283
  64.474  56.722  49.968  64.100  57.483  48.212  63.410  56.537  47.980  63.008
  57.523  47.052  63.889  55.878  46.347  63.263  56.057  48.791  65.728  57.151
  48.794  66.057  58.712  48.238  67.433  58.780  50.151  65.705  59.192  47.772
  64.986  59.305  46.392  65.034  59.019  46.233  64.875  57.953  45.993  66.010
  59.298  45.651  63.942  59.789  44.588  64.016  59.560  46.063  62.649  59.361
  46.077  61.789  60.494  45.509  60.883  60.283  47.470  61.376  60.751  48.620
  61.917  60.238  48.599  62.803  59.620  49.713  61.260  60.531  49.235  60.218
  61.354  49.917  59.150  62.046  51.119  58.904  62.092  49.081  58.294  62.753
  49.521  57.533  63.251  47.727  58.439  62.786  47.034  57.570  63.495  47.472
  56.792  63.967  46.032  57.691  63.456  47.055  59.411  62.171  47.862  60.273
  61.473  45.811  64.017  61.316  46.838  64.194  61.634  45.463  62.576  61.671
  45.918  62.352  62.635  44.061  62.331  61.683  43.911  61.477  62.095  44.987
  64.978  61.946  45.544  65.759  63.219  44.412  66.561  63.702  46.724  66.525
  62.781  45.972  64.608  64.250  45.039  63.955  65.089  44.246  63.508  64.490
  44.605  64.686  65.770  45.719  62.845  65.902  44.953  62.337  66.489  46.303
  61.861  65.045  47.523  61.418  65.620  47.543  60.329  65.645  48.648  61.859
  64.770  48.670  62.842  63.813  47.804  63.447  63.586  49.816  62.968  63.199
  50.615  61.998  63.810  51.959  61.583  63.653  52.797  62.130  62.776  53.767
  61.848  62.783  52.433  62.932  62.282  52.464  60.611  64.420  51.639  60.030
  65.289  52.052  59.232  65.887  50.357  60.280  65.527  49.906  61.307  64.755
  46.810  63.318  66.878  47.493  64.039  66.427  47.584  62.013  67.043  48.590
  62.280  67.366  46.983  61.071  67.935  47.644  60.411  68.153  46.345  63.856
  68.105  47.105  65.116  68.746  46.491  65.544  70.023  47.354  66.141  67.718
  48.536  64.519  69.118  48.701  63.614  70.190  47.999  62.788  70.080  48.502
  64.130  71.129  50.121  63.045  70.210  50.194  62.327  71.028  50.395  62.326
  69.012  51.739  62.576  68.637  52.250  61.637  68.423  51.765  63.376  67.401
  50.777  64.138  66.832  49.789  64.225  67.259  51.149  64.762  65.746  52.471
  64.342  65.568  53.480  64.602  64.608  53.308  65.405  63.565  54.064  65.574
  62.916  52.396  65.827  63.462  54.685  64.028  64.713  54.894  63.235  65.762
  55.874  62.788  65.846  54.058  62.901  66.732  52.847  63.492  66.570  51.233
  64.090  70.397  51.098  64.966  69.763  52.409  63.323  69.808  53.155  64.053
  69.492  52.968  62.343  70.664  53.841  62.125  70.330  51.371  64.530  71.733
  51.750  66.054  72.061  51.304  66.332  73.432  51.261  66.924  70.959  53.349
  66.043  72.015  54.108  65.071  72.718  53.623  64.097  72.661  54.213  65.349
  73.767  55.487  64.942  72.068  56.072  64.206  72.619  55.364  64.439  70.743
  56.329  65.054  69.909  56.936  64.270  69.456  55.656  65.793  68.803  54.340
  66.170  68.884  53.778  65.964  69.783  53.729  66.789  67.849  52.689  67.060
  67.951  54.513  67.040  66.694  53.989  67.695  65.688  54.574  67.777  64.868
  52.997  67.883  65.689  55.783  66.702  66.594  56.375  66.041  67.629  57.548
  65.683  67.534  56.274  66.264  72.001  55.661  67.120  71.720  57.195  65.964
  70.818  57.458  66.916  70.356  58.369  65.257  71.188  58.966  65.236  70.436
  56.935  66.649  73.198  57.335  67.506  73.034  35.656  52.928  19.623  34.982
  53.370  20.144  34.734  52.673  21.370  35.619  52.732  22.004  34.520  51.624
  21.163  33.546  53.280  22.140  33.786  54.322  22.351  32.376  53.289  21.318
  31.253  52.953  22.109  30.471  53.693  21.940  30.725  51.642  21.669  29.481
  51.387  21.154  28.739  52.158  21.008  29.262  50.134  20.876  30.479  49.502
  21.193  30.928  48.128  21.124  30.309  47.129  20.778  32.244  47.910  21.532
  32.595  46.964  21.503  33.049  48.907  21.958  34.291  48.638  22.308  34.653
  47.697  22.353  34.817  49.412  22.687  32.681  50.170  21.966  31.386  50.430
  21.632  33.182  52.622  23.496  33.286  51.538  23.544  31.697  52.989  23.581
  31.202  52.243  24.203  31.448  54.318  24.031  30.569  54.369  24.414  33.957
  52.980  24.596  33.749  52.216  25.996  35.058  51.671  26.404  32.563  51.328
  25.931  33.366  53.452  26.905  34.065  54.675  26.792  34.118  54.982  25.747
  35.078  54.560  27.178  33.332  55.783  27.539  33.918  56.697  27.445  32.070
  56.060  26.938  31.122  56.318  27.958  30.623  57.262  27.742  30.080  55.253
  27.961  30.240  54.080  27.266  31.158  53.897  26.727  29.267  53.142  27.254
  29.437  52.216  26.725  28.082  53.430  27.969  27.112  52.554  27.965  26.316
  52.758  28.553  27.255  51.649  27.540  27.886  54.572  28.603  28.872  55.509
  28.608  28.687  56.566  29.209  33.111  55.497  29.031  32.775  54.479  29.228
  31.913  56.410  29.285  31.361  56.017  30.139  32.248  57.776  29.499  31.485
  58.200  29.898  34.256  55.737  29.830  34.544  54.816  31.110  35.894  55.139
  31.623  34.263  53.400  30.789  33.418  55.332  32.124  33.456  56.641  32.657
  33.387  57.366  31.845  34.396  56.792  33.188  32.294  56.885  33.622  32.402
  57.881  34.051  31.046  56.893  32.935  30.072  56.242  33.737  29.203  56.895
  33.828  29.613  54.981  33.095  30.209  54.499  31.962  31.118  54.970  31.616
  29.720  53.409  31.328  30.225  53.036  30.449  28.608  52.762  31.926  28.137
  51.668  31.389  27.333  51.250  31.834  28.559  51.285  30.555  28.016  53.207
  33.026  28.495  54.332  33.617  27.932  54.750  34.632  32.211  55.885  34.784
  32.388  54.855  34.475  30.727  56.004  35.115  30.443  55.056  35.572  30.388
  57.110  35.953  29.515  56.940  36.313  33.056  56.162  35.886  33.747  54.931
  36.653  34.429  55.448  37.859  34.497  54.121  35.677  32.474  54.064  37.106
  31.581  54.527  38.094  31.201  55.507  37.806  32.106  54.619  39.045  30.394
  53.571  38.255  29.753  53.965  39.043  29.587  53.515  37.080  29.141  52.186
  36.873  28.067  52.196  36.688  29.760  51.619  35.661  30.902  52.026  35.023
  31.505  52.847  35.384  31.188  51.333  33.956  30.145  50.407  33.864  29.893
  49.363  32.903  30.571  49.036  31.919  28.731  48.646  33.160  28.491  47.900
  32.522  27.908  48.908  34.214  26.843  48.150  34.328  26.610  47.424  33.666
  26.208  48.316  35.096  28.111  49.860  35.136  29.254  50.583  34.902  30.771
  52.132  38.631  31.608  51.753  38.045  29.508  51.418  38.156  29.799  50.383
  37.978  28.364  51.538  39.011  27.915  50.697  38.902  31.076  51.918  39.992
  32.047  50.702  40.402  32.401  50.820  41.825  33.157  50.493  39.449  31.115
  49.407  40.236  30.626  48.708  41.364  31.407  48.677  42.123  30.376  47.688
  41.072  29.390  49.393  41.948  29.666  50.412  42.220  28.338  49.472  40.992
  27.092  49.281  41.628  26.422  50.111  41.405  26.492  48.069  41.043  26.952
  47.324  39.988  27.901  47.514  39.510  26.153  46.355  39.641  25.068  46.489
  40.507  23.848  45.793  40.696  23.479  44.738  39.982  22.644  44.217  40.206
  24.131  44.413  39.283  22.984  46.191  41.634  23.321  47.241  42.374  22.614
  47.540  43.133  24.397  48.012  42.291  25.255  47.556  41.342  28.827  48.713
  43.200  28.787  47.626  43.128  27.377  49.197  43.142  26.774  48.451  43.658
  27.149  50.510  43.649  26.227  50.562  43.913  29.525  49.028  44.386  30.287
  47.866  45.182  30.909  48.441  46.386  31.143  47.070  44.263  29.067  46.924
  45.598  28.087  47.326  46.538  27.741  48.331  46.295  28.518  47.327  47.539
  26.873  46.392  46.512  26.181  46.699  47.296  26.163  46.498  45.281  25.634
  45.218  44.960  24.556  45.302  44.816  26.213  44.737  43.684  27.434  45.186
  43.243  27.979  45.888  43.857  27.958  44.742  42.075  28.924  45.102  41.753
  27.255  43.765  41.265  27.674  43.262  40.230  26.029  43.374  41.757  25.495
  42.710  41.215  25.467  43.824  42.934  24.358  43.425  43.277  27.201  44.910
  46.735  28.031  44.559  46.123  25.948  44.277  46.142  26.230  43.270  45.836
  24.816  44.272  47.009  24.167  43.651  46.671  27.484  44.552  48.071  28.693
  43.536  48.355  28.769  43.259  49.799  29.896  43.981  47.612  28.179  42.214
  47.612  26.984  41.573  48.011  26.181  42.308  48.059  27.100  41.131  49.001
  26.586  40.491  47.004  25.646  40.048  47.334  26.342  41.038  45.714  26.695
  40.088  44.727  25.833  39.914  44.083  27.767  40.638  43.878  28.670  41.626
  44.181  28.674  42.116  45.144  29.495  41.917  43.209  29.115  41.026  42.194
  29.652  40.816  40.879  30.606  41.383  40.349  28.984  39.848  40.140  29.307
  39.696  39.195  27.901  39.167  40.610  27.321  38.303  39.800  27.676  38.131
  38.870  26.519  37.819  40.178  27.376  39.323  41.826  28.034  40.265  42.580
  27.604  39.360  46.821  28.622  39.719  46.674  27.133  38.811  45.476  27.989
  38.307  45.027  26.002  37.952  45.564  25.926  37.467  44.739  27.626  38.414
  47.867  29.039  37.853  48.373  28.775  36.859  49.434  29.987  38.982  48.588
  29.556  37.055  47.082  28.946  35.843  46.689  27.872  35.999  46.587  29.116
  35.080  47.449  29.486  35.351  45.346  28.948  34.441  45.081  29.216  36.299
  44.320  30.228  36.199  43.333  29.776  35.992  42.363  30.936  37.481  43.218
  30.946  38.521  44.106  30.393  38.488  45.033  31.680  39.530  43.729  32.185
  39.132  42.485  33.049  39.806  41.552  33.543  40.936  41.641  33.311  39.053
  40.411  33.936  39.452  39.725  32.782  37.815  40.180  33.098  37.193  39.069
  33.719  37.665  38.428  32.708  36.279  38.887  31.965  37.171  41.011  31.711
  37.881  42.155  30.986  35.029  45.292  31.612  35.817  45.712  31.169  35.066
  43.776  32.223  35.277  43.594  30.719  33.898  43.097  31.177  33.851  42.254
  31.369  33.814  45.911  32.888  33.638  46.381  32.994  32.282  46.935  33.215
  34.780  47.250  33.751  33.763  45.040  33.657  32.792  44.018  32.612  32.634
  43.751  34.055  31.844  44.380  34.421  33.229  42.762  34.236  32.492  41.979
  33.945  34.469  42.247  35.036  35.191  41.693  34.798  35.445  40.660  35.256
  36.471  42.403  34.777  36.679  43.675  34.235  35.891  44.178  34.986  37.857
  44.309  34.606  37.997  45.310  35.719  38.934  43.674  35.988  40.010  44.191
  36.133  38.663  42.386  36.667  39.374  41.907  35.944  37.474  41.714  36.377
  37.316  40.568  35.940  33.357  42.948  36.217  33.902  43.851  36.258  34.253
  41.756  37.207  34.744  41.968  36.300  33.578  40.510  36.797  34.124  39.895
  36.639  32.130  42.974  38.078  32.039  43.683  38.505  30.627  43.695  38.102
  32.784  44.970  39.012  32.858  42.675  39.253  32.391  41.362  38.316  32.310
  40.811  39.706  31.400  41.398  40.177  33.351  40.611  40.350  32.944  39.615
  39.564  34.621  40.415  40.556  35.635  40.491  40.557  36.243  39.586  40.223
  36.535  41.618  39.218  36.411  42.539  38.615  35.518  42.614  39.114  37.412
  43.370  40.149  38.266  42.976  40.668  39.499  43.448  40.182  40.173  44.483
  40.653  40.987  44.850  39.392  39.772  44.969  41.716  40.068  42.849  42.236
  39.438  41.800  43.057  39.914  41.285  41.877  38.285  41.262  40.817  37.739
  41.905  41.542  33.569  41.285  41.473  33.730  42.361  41.907  34.906  40.663
  42.568  35.427  41.356  42.509  34.695  39.394  42.825  35.559  39.119  42.512
  32.550  41.039  43.479  32.121  42.250  44.509  31.189  41.739  42.677  31.719
  43.421  44.230  33.473  42.634  45.125  34.100  41.735  44.651  34.199  40.758
  46.028  33.499  41.627  45.506  35.497  42.225  46.190  35.943  41.503  44.382
  36.356  42.257  44.469  37.221  43.369  44.332  38.254  43.049  43.376  36.904
  44.305  42.558  35.806  44.312  42.660  35.015  43.583  41.678  35.792  45.275
  41.904  37.015  45.926  41.270  37.609  47.068  40.371  37.135  47.759  41.796
  38.845  47.411  41.405  39.277  48.236  42.823  39.446  46.751  43.240  40.618
  47.167  42.840  41.012  48.006  43.997  41.079  46.682  43.452  38.914  45.705
  42.941  37.701  45.335  46.173  35.528  43.606  45.690  34.904  44.358  45.858
  36.970  43.979  45.852  37.025  45.067  46.766  37.861  43.363  46.703  38.711
  43.803  47.541  35.159  43.557  48.211  34.361  44.769  49.627  34.087  44.484
  47.357  33.195  45.135  48.147  35.448  45.934  48.751  36.728  45.798  48.520
  37.155  44.822  49.833  36.615  45.865  48.258  37.711  46.874  48.737  38.677
  46.713  46.871  37.976  46.758  46.263  38.043  48.028  45.710  38.979  48.097
  45.269  36.953  48.194  45.321  35.801  47.445  46.113  35.668  46.722  44.388
  34.831  47.593  44.454  33.934  46.994  43.295  34.968  48.532  42.420  34.115
  48.682  43.302  36.155  49.242  42.575  36.289  49.931  44.239  37.165  49.114
  44.171  38.195  49.785  48.527  37.262  48.316  48.356  36.195  48.458  47.413
  37.998  49.053  47.175  37.422  49.947  47.745  39.333  49.384  47.068  39.631
  49.996  49.841  37.555  48.766  50.391  36.877  50.109  51.864  37.001  50.027
  49.831  35.523  50.279  49.830  37.775  51.301  50.365  39.050  51.587  50.094
  39.753  50.800  51.451  38.981  51.653  49.832  39.580  52.916  50.355  40.514
  53.122  48.444  39.884  52.826  47.825  39.561  54.064  47.218  40.397  54.410
  46.900  38.437  53.847  46.830  37.609  52.760  47.514  37.697  51.929  45.884
  36.721  52.827  45.271  36.986  54.060  44.173  36.351  54.733  43.515  35.378
  54.379  43.858  36.940  55.945  43.091  36.512  56.444  44.503  38.018  56.467
  44.101  38.486  57.632  43.336  38.037  58.115  44.598  39.275  58.020  45.547
  38.620  55.891  45.878  38.056  54.684  50.045  38.660  54.129  49.791  37.619
  53.925  48.959  39.199  55.051  48.693  38.394  55.736  49.350  40.372  55.758
  48.690  40.499  56.444  51.348  38.691  54.688  51.967  37.323  55.251  53.280
  37.712  55.801  51.854  36.255  54.218  50.978  36.975  56.450  50.926  37.735
  57.642  50.668  38.766  57.401  51.900  37.709  58.130  49.869  37.197  58.614
  49.898  37.798  59.524  48.556  37.349  58.082  47.772  36.240  58.513  46.867
  36.601  59.001  47.346  35.436  57.345  48.101  35.397  56.195  49.017  35.966
  56.144  47.706  34.660  55.129  48.303  34.649  54.229  46.482  33.888  55.165
  46.078  33.178  54.253  45.773  34.003  56.339  44.913  33.477  56.405  46.140
  34.740  57.441  45.433  34.763  58.447  50.045  35.726  59.024  50.240  35.070
  58.175  48.631  35.436  59.510  48.476  34.357  59.488  48.352  35.952  60.798
  47.609  35.461  61.157  51.057  35.481  59.973  51.711  34.020  60.064  52.782
  34.058  61.073  52.001  33.531  58.689  50.506  33.122  60.612  50.062  33.261
  61.951  49.796  34.300  62.145  50.859  32.981  62.640  48.832  32.396  62.217
  48.526  32.544  63.253  47.744  32.809  61.395  46.960  31.672  61.069  45.921
  31.840  61.354  46.990  31.489  59.610  47.874  32.020  58.713  48.709  32.632
  59.022  47.686  31.647  57.480  46.537  30.837  57.563  45.809  30.099  56.562
  46.001  30.043  55.347  44.773  29.335  57.083  44.235  28.785  56.429  44.454
  29.290  58.409  43.461  28.526  58.796  42.954  27.979  58.116  43.207  28.507
  59.774  45.103  29.953  59.363  46.128  30.715  58.875  49.029  30.891  61.993
  49.546  30.670  61.059  47.571  30.475  61.822  47.556  29.540  61.263  46.866
  30.355  63.047  46.089  29.816  62.881  49.704  30.206  63.024  50.443  28.830
  62.683  51.124  28.379  63.911  51.173  28.992  61.401  49.217  27.858  62.363
  48.347  27.423  63.387  47.838  28.279  63.829  48.918  26.922  64.169  47.296
  26.465  62.829  46.662  26.138  63.653  46.445  27.124  61.893  46.083  26.198
  60.880  44.999  26.163  60.774  46.629  26.666  59.594  47.612  27.596  59.384
  48.125  28.061  60.212  47.874  27.847  58.128  46.985  26.983  57.449  46.767
  26.733  56.044  47.325  27.230  55.065  45.783  25.788  55.792  45.588  25.583
  54.823  45.066  25.159  56.765  44.164  24.274  56.409  44.027  24.067  55.430
  43.639  23.821  57.143  45.247  25.342  58.069  46.214  26.271  58.347  47.870
  25.211  62.146  48.683  25.438  61.456  46.664  24.830  61.293  47.049  24.252
  60.453  45.659  24.129  62.015  45.078  23.704  61.379  48.329  24.189  63.018
  49.534  23.231  62.553  49.844  22.213  63.581  50.639  23.966  61.903  48.904
  22.395  61.350  47.800  21.544  61.582  47.038  22.073  62.155  48.117  20.680
  62.166  47.165  21.079  60.272  46.286  20.481  60.513  46.700  22.187  59.518
  46.753  21.876  58.138  45.763  21.988  57.696  47.643  22.824  57.452  48.503
  23.731  58.006  48.615  23.838  59.075  49.179  24.422  57.133  48.695  23.967
  55.895  49.010  24.336  54.534  49.806  25.171  54.102  48.288  23.622  53.588
  48.462  23.839  52.617  47.354  22.679  53.903  46.746  22.049  52.927  46.959
  22.279  51.968  46.035  21.370  53.160  47.041  22.304  55.139  47.742  22.990
  56.092  48.075  20.270  59.338  49.038  20.752  59.174  47.278  20.433  58.047
  47.966  20.268  57.217  46.136  19.595  57.979  45.876  19.549  57.056  48.335
  18.930  59.737  49.638  18.192  59.183  49.655  16.824  59.759  50.782  19.114
  59.429  49.375  18.071  57.615  48.272  17.328  57.111  47.338  17.710  57.522
  48.346  16.282  57.408  48.199  17.425  55.586  47.323  16.874  55.243  48.021
  18.769  55.167  48.661  18.939  53.911  47.935  19.272  53.170  49.659  20.014
  54.038  50.234  20.505  55.178  50.011  20.093  56.151  51.064  21.490  54.979
  51.014  21.686  53.586  51.674  22.627  52.715  52.462  23.535  52.981  51.335
  22.467  51.380  51.765  23.116  50.736  50.437  21.551  50.923  50.203  21.476
  49.634  50.658  22.129  49.013  49.518  20.808  49.311  49.817  20.658  51.685
  50.142  20.783  53.010  49.434  16.877  54.858  50.368  17.228  55.298  49.283
  17.581  53.516  50.285  17.660  53.094  48.380  16.944  52.621  48.570  17.277
  51.741  49.481  15.466  54.813  50.886  14.698  54.731  50.635  13.314  55.175
  51.927  15.490  55.424  51.239  14.729  53.173  50.435  14.081  52.210  49.386
  14.308  52.399  50.584  13.003  52.279  50.781  14.563  50.795  50.138  14.032
  50.093  50.480  15.950  50.640  51.429  16.540  49.764  50.893  17.006  48.937
  52.156  17.625  50.476  52.397  17.544  51.825  52.054  16.683  52.379  53.034
  18.542  52.480  53.203  18.464  53.543  53.513  19.711  51.781  54.138  20.624
  52.285  53.241  19.735  50.431  53.563  20.548  49.925  52.563  18.747  49.743
  52.377  18.854  48.532  52.246  14.350  50.359  52.971  14.620  51.127  52.337
  15.398  49.245  53.386  15.675  49.137  51.810  14.952  48.001  52.055  15.564
  47.303  52.590  13.039  49.943  53.538  13.018  49.793  49.619  50.979  63.567
  48.822  50.594  63.938  48.241  49.717  62.977  48.896  48.868  62.781  48.115
  50.228  62.022  46.902  49.170  63.492  46.454  48.521  62.739  47.138  48.360
  64.625  45.955  48.321  65.392  45.452  47.370  65.216  46.307  48.329  66.821
  47.385  48.899  67.448  48.098  49.521  66.927  47.475  48.604  68.716  46.367
  47.773  68.947  45.894  47.098  70.130  46.378  47.084  71.258  44.743  46.342
  69.929  44.365  45.866  70.735  44.122  46.234  68.718  43.052  45.475  68.633
  42.659  45.008  69.438  42.587  45.434  67.738  44.538  46.824  67.597  45.660
  47.590  67.780  45.859  50.227  63.899  46.274  51.098  64.406  45.017  49.444
  64.910  44.706  50.145  65.685  43.894  48.779  64.333  43.294  48.534  65.041
  45.026  50.738  62.898  45.267  50.575  61.336  45.069  49.162  60.896  46.503
  51.275  60.962  44.112  51.491  60.782  42.921  51.769  61.505  43.029  51.632
  62.581  42.119  51.119  61.154  42.551  53.236  61.306  41.520  53.372  61.634
  43.339  54.104  62.116  43.674  55.259  61.359  43.421  56.148  61.937  45.143
  55.286  61.110  45.950  54.227  61.429  45.513  53.324  61.828  47.286  54.287
  61.227  47.882  53.414  61.446  47.811  55.484  60.701  49.101  55.573  60.510
  49.464  56.420  60.096  49.686  54.764  60.662  47.061  56.534  60.427  45.719
  56.463  60.641  45.023  57.449  60.418  42.673  53.702  59.852  43.600  53.382
  59.376  42.825  55.201  60.064  43.332  55.598  59.184  41.615  55.908  60.307
  41.806  56.830  60.119  41.615  53.276  59.029  41.942  52.769  57.544  40.689
  52.222  57.007  43.157  51.901  57.573  42.331  54.163  56.859  41.380  55.206
  56.717  41.046  55.527  57.704  40.516  54.858  56.152  41.985  56.414  56.002
  41.203  57.158  55.850  42.983  57.039  56.805  44.031  57.490  55.959  44.201
  58.551  56.145  45.294  56.764  56.265  45.322  55.718  57.152  44.395  55.358
  57.572  46.488  55.111  57.473  46.478  54.281  58.164  47.662  55.607  56.847
  48.809  55.036  57.106  49.615  55.433  56.643  48.856  54.251  57.740  47.668
  56.632  56.009  46.486  57.233  55.710  46.498  58.199  54.945  42.592  56.096
  54.629  43.200  55.192  54.629  43.555  57.272  54.505  44.346  56.943  53.831
  42.959  58.490  54.064  43.652  59.074  53.748  41.664  55.992  53.567  41.905
  54.885  52.428  40.903  55.028  51.351  42.146  53.571  53.060  43.318  55.354
  51.836  43.459  56.578  51.152  43.081  57.386  51.779  42.880  56.551  50.229
  44.933  56.853  50.832  44.996  57.800  50.296  45.708  57.024  52.018  46.976
  56.419  51.850  47.747  57.133  52.141  47.100  55.264  52.757  46.096  54.557
  53.370  45.052  54.787  53.215  46.516  53.599  54.152  47.906  53.679  54.042
  48.930  52.887  54.663  48.780  51.941  55.444  50.221  53.280  54.332  50.989
  52.762  54.734  50.489  54.326  53.499  51.758  54.594  53.292  52.517  54.071
  53.705  51.977  55.355  52.665  49.565  55.094  52.903  48.281  54.713  53.212
  45.614  55.772  49.976  45.383  54.764  50.321  47.071  56.037  50.359  47.620
  55.115  50.167  47.661  57.164  49.724  48.599  56.983  49.630  45.319  55.819
  48.584  45.303  54.450  47.729  44.834  54.700  46.339  44.619  53.351  48.447
  46.852  54.041  47.653  47.604  54.220  46.466  47.007  53.868  45.625  48.515
  53.625  46.521  47.964  55.692  46.244  47.050  56.285  46.276  48.815  56.158
  47.279  49.725  57.113  46.772  49.615  58.059  47.303  51.077  56.588  47.069
  51.413  55.509  47.848  50.678  54.843  48.275  52.698  55.347  47.999  53.257
  56.411  47.298  54.581  56.843  47.041  55.664  56.216  47.481  56.595  56.521
  47.235  55.530  55.364  48.006  54.798  57.936  46.303  53.732  58.597  45.860
  53.926  59.480  45.269  52.446  58.317  46.016  52.272  57.188  46.751  48.672
  55.977  44.914  49.427  55.225  44.684  49.407  57.271  45.262  50.307  57.311
  44.649  48.607  58.436  45.040  49.180  59.190  45.198  47.818  56.103  43.784
  48.043  55.127  42.538  47.076  55.494  41.484  48.061  53.731  43.013  49.517
  55.528  42.073  49.813  56.797  41.521  49.381  57.575  42.151  49.386  56.864
  40.520  51.323  57.044  41.439  51.491  57.986  40.918  51.895  57.209  42.733
  53.175  56.594  42.747  53.911  57.310  43.114  53.190  55.441  43.679  52.029
  54.841  44.090  51.094  55.199  43.685  52.058  53.807  44.967  51.138  53.332
  45.275  53.313  53.298  45.481  53.461  52.358  46.242  54.436  53.951  45.035
  55.324  53.621  45.385  54.425  55.019  44.167  55.473  55.574  43.860  52.110
  55.953  40.698  51.813  54.943  40.981  53.493  56.184  41.295  54.035  55.242
  41.214  54.191  57.260  40.680  55.118  57.218  40.925  52.059  56.033  39.286
  52.032  54.674  38.443  52.161  54.953  37.002  50.925  53.811  38.901  53.381
  53.960  38.911  54.634  54.489  38.546  54.712  55.520  38.891  54.707  54.468
  37.459  55.774  53.687  39.176  56.725  54.134  38.886  55.708  53.758  40.587
  56.207  52.556  41.147  57.008  52.765  41.855  55.127  51.945  41.932  53.777
  52.122  41.790  53.364  52.782  41.041  53.055  51.420  42.619  54.018  50.748
  43.396  53.890  49.811  44.482  52.870  49.362  44.993  55.098  49.360  44.987
  55.066  48.706  45.755  56.308  49.763  44.517  57.356  49.270  45.125  57.318
  48.614  45.892  58.281  49.566  44.848  56.476  50.641  43.515  55.291  51.086
  42.992  55.809  52.199  38.821  54.839  51.713  38.922  56.668  51.678  39.964
  56.420  50.624  40.093  58.065  51.861  39.759  58.479  51.263  40.387  56.321
  51.910  37.539  55.547  50.828  36.647  56.322  50.794  35.393  54.094  51.143
  36.644  55.810  49.490  37.488  57.096  48.905  37.542  57.812  49.657  37.873
  57.389  48.554  36.552  57.158  47.738  38.526  58.189  47.385  38.558  56.842
  48.180  39.839  56.345  47.070  40.575  56.979  46.867  41.438  55.005  47.379
  41.097  54.155  48.375  40.699  54.423  49.061  39.908  53.017  48.409  41.340
  53.151  47.354  42.257  52.242  46.864  43.247  51.105  47.279  43.480  52.751
  45.802  43.975  52.145  45.402  44.677  53.979  45.248  43.780  54.315  44.207
  44.514  53.682  43.895  45.237  55.249  43.851  44.371  54.838  45.661  42.849
  54.370  46.727  42.127  56.273  46.521  38.221  55.235  46.772  38.005  56.325
  45.880  39.601  55.444  45.247  39.706  57.538  45.174  39.811  57.343  44.526
  40.493  56.754  45.674  37.190  55.710  44.708  36.450  56.531  43.936  35.487
  54.577  45.528  35.980  55.195  43.765  37.629  56.035  42.788  38.218  56.955
  43.250  38.578  56.304  42.045  37.468  55.361  42.089  39.404  56.083  41.408
  39.853  54.986  43.012  40.421  53.802  42.539  41.047  53.980  42.453  42.119
  52.701  43.510  40.864  52.764  44.497  39.904  53.626  44.554  39.256  51.749
  45.378  39.740  51.815  46.136  38.974  50.559  45.302  40.558  49.584  46.038
  40.452  50.592  44.314  41.514  49.769  44.213  42.091  51.601  43.399  41.716
  51.509  42.528  42.591  54.106  41.285  39.041  53.407  41.859  38.433  53.477
  41.161  40.426  52.415  40.973  40.270  54.039  40.167  41.278  53.405  39.985
  41.975  54.353  40.060  38.374  53.252  39.459  37.380  53.849  38.274  36.703
  52.704  40.566  36.573  52.121  39.000  38.419  52.384  38.010  39.389  53.215
  38.325  40.020  52.663  37.079  38.896  51.157  37.781  40.272  51.388  36.977
  40.972  50.842  38.923  41.067  49.429  38.986  41.226  49.157  38.987  42.281
  48.931  40.247  40.641  49.626  41.200  39.945  50.663  41.071  39.671  48.924
  42.253  39.620  47.656  41.962  40.132  46.400  42.616  40.127  46.174  43.790
  39.559  45.237  44.159  39.479  46.950  44.231  39.084  45.344  42.077  40.737
  45.521  40.904  41.338  44.680  40.480  41.866  46.617  40.169  41.410  47.662
  40.754  40.773  49.899  37.373  39.493  49.705  37.988  38.614  48.847  37.742
  40.527  47.912  37.938  40.001  48.716  36.723  41.493  47.935  36.907  42.019
  49.885  36.015  39.087  49.258  35.639  37.667  49.240  34.173  37.525  49.873
  36.430  36.585  47.752  36.163  37.749  46.829  35.601  38.656  47.276  35.551
  39.649  46.575  34.592  38.331  45.559  36.450  38.741  44.862  35.966  39.425
  45.807  37.726  39.306  45.021  38.702  38.653  44.511  39.325  39.388  45.901
  39.581  37.867  47.217  39.390  37.547  47.770  38.521  37.870  47.724  40.333
  36.807  46.677  41.247  36.665  46.591  42.497  35.962  47.441  43.063  35.277
  45.348  43.102  36.058  45.224  43.978  35.572  44.303  42.577  36.751  43.180
  43.250  36.775  43.072  44.109  36.254  42.395  42.864  37.279  44.335  41.410
  37.387  45.553  40.793  37.317  44.852  36.666  37.398  45.523  36.958  36.591
  44.057  37.909  37.755  43.806  38.424  36.828  42.934  37.552  38.529  42.322
  38.292  38.506  44.091  35.550  36.961  43.974  35.273  35.393  43.176  34.042
  35.187  45.328  35.363  34.786  43.136  36.522  34.849  41.853  36.851  35.369
  41.886  36.888  36.458  41.126  36.091  35.083  41.382  38.225  34.873  40.422
  38.456  35.336  42.287  39.243  35.267  42.335  40.254  34.282  42.038  41.204
  34.728  43.727  40.411  33.808  44.658  39.409  33.944  44.367  38.485  34.421
  45.931  39.580  33.505  46.648  38.783  33.642  46.357  40.822  32.883  47.460
  41.046  32.385  45.367  41.774  32.793  45.617  42.655  32.368  44.070  41.634
  33.242  43.260  42.542  33.099  41.242  38.341  33.355  42.088  37.889  32.836
  41.359  39.846  33.164  41.723  40.013  32.150  40.160  40.547  33.383  40.235
  41.426  33.004  40.074  37.761  32.828  39.989  37.427  31.272  38.873  36.481
  31.140  41.356  37.019  30.842  39.651  38.858  30.656  38.363  39.426  30.829
  38.215  39.710  31.871  37.587  38.709  30.560  38.193  40.665  29.960  37.148
  40.964  30.044  39.024  41.726  30.441  39.403  42.526  29.331  39.099  43.560
  29.496  40.870  42.513  29.225  41.741  41.664  29.848  41.368  40.882  30.493
  43.004  41.863  29.570  42.944  42.977  28.699  43.973  43.718  28.018  45.190
  43.540  28.044  43.491  44.764  27.247  44.172  45.296  26.725  42.178  45.087
  27.123  41.860  46.111  26.358  42.569  46.628  25.858  40.875  46.320  26.282
  41.195  44.426  27.725  41.640  43.385  28.499  38.453  40.473  28.458  39.367
  39.919  28.245  38.722  41.930  28.077  39.357  41.921  27.191  37.534  42.670
  27.859  37.727  43.475  27.373  37.383  39.852  27.758  37.709  38.869  26.536
  36.459  38.362  25.924  38.776  37.937  26.944  38.367  39.899  25.509  37.582
  40.881  24.871  37.104  41.518  25.615  36.804  40.394  24.282  38.448  41.752
  23.961  37.798  42.464  23.452  39.378  42.527  24.709  40.553  42.697  23.929
  40.748  43.763  23.815  41.723  42.111  24.623  41.577  41.069  25.508  40.594
  40.658  25.683  42.648  40.549  26.154  42.498  39.724  26.834  43.984  41.060
  25.928  44.991  40.651  26.506  44.047  42.118  25.045  44.967  42.477  24.833
  42.978  42.673  24.371  43.149  43.623  23.605  39.250  40.976  22.902  39.791
  40.129  23.325  40.287  42.038  22.560  41.151  41.530  22.130  39.792  43.047
  21.694  40.545  43.491  21.299  38.513  40.491  21.793  39.112  39.272  20.944
  38.089  38.942  19.931  39.570  38.181  21.822  40.426  39.834  20.236  40.349
  40.769  19.181  39.812  41.656  19.518  39.808  40.326  18.345  41.737  41.204
  18.709  41.605  41.895  17.876  42.423  41.919  19.732  43.815  41.675  19.588
  44.351  42.620  19.494  44.311  41.016  20.805  43.589  40.392  21.783  42.515
  40.290  21.728  44.311  39.921  22.759  45.625  40.243  22.389  46.895  39.983
  23.017  47.151  39.403  24.075  47.973  40.492  22.306  48.893  40.334  22.692
  47.856  41.180  21.135  48.944  41.633  20.562  49.851  41.425  20.955  48.867
  42.126  19.684  46.704  41.440  20.523  45.624  40.939  21.198  42.662  40.072
  18.237  42.699  39.234  18.932  44.000  40.796  18.335  44.770  40.031  18.435
  44.268  41.682  17.257  45.219  41.811  17.218  42.363  39.545  16.963  42.771
  38.032  16.621  42.283  37.737  15.262  42.377  37.159  17.768  44.375  38.099
  16.614  45.058  38.821  15.598  44.692  39.847  15.569  44.871  38.374  14.622
  46.565  38.866  15.854  47.027  39.479  15.080  46.834  39.495  17.104  48.030
  38.950  17.635  48.764  39.741  17.789  47.750  38.357  18.949  46.539  38.023
  19.485  45.616  38.186  18.949  46.611  37.465  20.662  47.987  37.507  20.960
  48.744  37.095  22.117  48.357  36.599  23.177  50.109  37.295  21.981  50.685
  37.008  22.760  50.694  37.847  20.882  51.999  37.977  20.851  52.543  37.657
  21.640  52.413  38.413  20.039  50.036  38.249  19.803  48.686  38.055  19.904
  47.281  37.508  15.862  46.758  36.758  16.456  48.539  37.906  16.626  48.926
  36.994  17.082  49.524  38.573  15.848  50.367  38.453  16.289  47.534  36.937
  14.597  47.738  35.352  14.472  47.923  35.027  13.043  46.689  34.679  15.275
  49.114  35.121  15.256  50.329  35.628  14.743  50.210  36.688  14.517  50.591
  35.118  13.816  51.463  35.473  15.760  52.348  35.967  15.358  51.151  36.127
  16.988  51.774  35.429  18.051  52.418  36.114  18.603  50.764  34.931  18.996
  49.407  34.866  18.836  48.933  35.161  17.911  48.759  34.429  19.883  49.790
  34.152  20.803  49.771  33.624  22.145  48.821  33.259  22.840  51.029  33.539
  22.724  51.068  33.162  23.660  52.179  33.926  22.103  53.321  33.808  22.742
  53.322  33.379  23.657  54.167  34.100  22.273  52.249  34.415  20.871  51.018
  34.495  20.272  51.847  34.029  16.105  50.979  33.406  16.321  52.581  34.285
  17.420  52.548  33.352  17.984  53.912  34.783  17.307  54.359  34.555  18.126
  52.630  33.357  15.141  52.616  31.754  15.107  53.441  31.303  13.972  51.232
  31.264  15.260  53.395  31.409  16.465  54.754  31.750  16.626  54.887  32.825
  16.508  55.350  31.255  15.860  55.243  31.339  18.017  56.305  31.575  18.092
  54.597  32.070  19.059  54.396  31.203  20.169  54.787  31.664  21.076  52.952
  31.005  20.395  51.921  31.239  19.527  52.082  31.571  18.512  50.742  31.011
  20.031  51.006  30.577  21.334  50.131  30.152  22.399  48.903  30.050  22.428
  50.809  29.808  23.558  50.249  29.494  24.338  52.166  29.857  23.685  52.706
  29.499  24.828  52.099  29.205  25.580  53.709  29.570  24.928  53.012  30.235
  22.727  52.367  30.584  21.569  55.075  29.845  18.313  54.099  29.476  17.997
  55.118  29.881  19.837  54.591  28.995  20.190  56.445  29.955  20.363  56.378
  29.685  21.282  56.060  28.987  17.764  55.791  27.412  17.831  56.255  26.823
  16.565  54.463  27.119  18.404  56.867  27.032  18.942  56.857  25.727  19.494
  57.370  25.047  18.814  55.836  25.371  19.630  57.560  25.735  20.850  58.625
  25.883  20.673  57.154  26.829  21.670  56.907  26.364  22.985  57.366  27.057
  23.691  55.447  26.368  23.270  54.522  26.590  22.272  54.837  26.715  21.247
  53.202  26.650  22.554  52.498  26.817  21.752  52.706  26.502  23.903  51.537
  26.563  24.244  53.682  26.310  24.859  53.353  26.205  25.808  55.040  26.250
  24.607  55.837  26.094  25.534  57.383  24.429  21.644  56.378  24.009  21.591
  57.573  24.969  23.064  57.086  24.282  23.756  58.934  25.173  23.423  58.987
  25.340  24.367  58.276  23.397  21.263  57.965  22.586  21.672
