Cpptraj Generated trajectory                                                    
  16.382  33.801  49.569  15.770  33.457  50.296  16.009  33.548  48.665  16.443
  34.807  49.639  17.734  33.234  49.719  18.008  32.701  48.809  18.760  34.344
  49.941  18.436  34.972  50.771  19.718  33.882  50.179  18.929  35.200  48.686
  19.417  34.603  47.916  17.961  35.541  48.319  19.778  36.424  49.004  19.290
  37.049  49.751  20.724  36.084  49.425  19.996  37.217  47.791  19.216  37.657
  47.325  21.166  37.416  47.231  22.246  36.904  47.754  22.246  36.272  48.542
  23.119  37.061  47.272  21.237  38.145  46.158  20.439  38.555  45.693  22.162
  38.275  45.772  17.755  32.218  50.853  18.073  32.588  51.981  17.341  30.978
  50.567  16.775  30.575  49.287  17.413  30.856  48.450  15.786  31.019  49.171
  16.641  29.065  49.374  17.610  28.619  49.149  15.855  28.681  48.724  16.320
  28.867  50.852  16.504  27.844  51.180  15.284  29.150  51.038  17.252  29.875
  51.527  16.793  30.229  52.450  18.587  29.209  51.910  18.584  28.322  52.755
  19.729  29.632  51.362  19.708  30.320  50.623  21.017  28.988  51.655  20.876
  28.160  52.349  21.622  28.418  50.367  21.841  29.238  49.684  22.567  27.932
  50.613  20.746  27.410  49.659  19.819  27.843  48.699  19.718  28.897  48.486
  18.963  26.923  48.065  18.213  27.273  47.371  19.046  25.556  48.379  18.231
  24.671  47.751  17.618  25.091  47.144  19.999  25.114  49.321  20.074  24.060
  49.542  20.848  26.040  49.959  21.579  25.698  50.677  21.971  29.955  52.332
  22.591  30.771  51.666  22.050  29.910  53.658  21.556  29.179  54.150  22.998
  30.724  54.414  23.194  31.649  53.873  22.376  31.071  55.763  22.205  30.156
  56.330  23.063  31.714  56.312  21.431  31.595  55.615  24.345  30.020  54.590
  24.392  28.799  54.736  25.427  30.794  54.608  25.327  31.794  54.501  26.745
  30.270  54.888  26.862  29.398  54.244  27.821  31.290  54.507  27.721  31.556
  53.454  27.712  32.175  55.132  29.464  30.585  54.779  30.129  31.694  54.445
  26.818  29.874  56.376  26.480  30.686  57.247  27.235  28.634  56.669  27.513
  27.584  55.703  28.126  27.944  54.876  26.571  27.188  55.324  28.241  26.513
  56.495  29.279  26.818  56.629  28.171  25.530  56.030  27.482  26.594  57.819
  28.025  26.119  58.637  26.494  26.149  57.699  27.327  28.100  58.025  26.408
  28.316  58.569  28.501  28.627  58.856  28.485  28.469  60.073  29.508  29.253
  58.240  29.489  29.371  57.237  30.625  29.834  58.992  31.033  29.082  59.668
  31.749  30.296  58.054  31.361  31.052  57.372  32.904  30.901  58.852  33.309
  30.164  59.546  33.695  31.230  58.178  32.554  31.761  59.424  32.255  29.113
  57.222  31.449  28.705  56.612  33.063  29.444  56.568  32.629  28.332  57.883
  30.089  30.983  59.832  29.549  31.941  59.289  30.184  30.891  61.154  30.576
  30.044  61.539  29.647  31.887  62.083  28.565  31.932  61.955  29.929  31.465
  63.533  29.410  32.181  64.169  29.482  30.486  63.707  31.409  31.442  63.962
  31.971  32.229  63.459  31.455  31.669  65.027  32.082  30.086  63.711  31.997
  29.213  64.601  32.686  29.930  62.626  30.144  33.313  61.829  29.371  34.243
  62.014  31.384  33.489  61.368  31.967  32.675  61.233  31.951  34.809  61.077
  31.690  35.484  61.892  33.475  34.706  60.995  33.889  35.698  60.816  33.857
  34.324  61.942  33.867  33.844  59.945  34.824  33.774  59.943  31.412  35.429
  59.787  31.535  36.634  59.588  30.840  34.618  58.896  30.727  33.648  59.155
  30.251  35.046  57.637  30.554  36.076  57.447  30.842  34.138  56.546  31.912
  34.335  56.477  30.678  33.102  56.842  30.104  34.357  54.913  30.898  33.503
  54.262  28.713  35.007  57.689  28.102  34.117  58.290  28.068  35.907  56.941
  28.606  36.658  56.532  26.601  35.971  56.850  26.213  35.003  57.168  26.040
  37.027  57.806  26.627  37.940  57.711  25.010  37.248  57.525  26.023  36.534
  59.250  25.113  35.725  59.560  26.926  36.934  60.011  26.074  36.135  55.419
  25.138  36.883  55.128  26.671  35.407  54.475  27.407  34.775  54.755  26.208
  35.401  53.085  25.834  36.396  52.845  27.347  35.046  52.130  27.614  34.002
  52.291  26.969  35.144  51.112  28.609  35.911  52.287  28.883  35.991  53.339
  29.424  35.436  51.741  28.440  37.336  51.774  27.690  37.834  52.389  29.397
  37.848  51.875  28.035  37.366  50.365  28.463  36.660  49.783  27.315  38.295
  49.772  26.880  39.327  50.445  27.209  39.406  51.396  26.419  40.087  49.964
  26.968  38.190  48.522  27.324  37.402  48.001  26.461  38.909  48.026  25.069
  34.410  52.915  25.116  33.307  53.456  24.055  34.776  52.134  24.101  35.687
  51.699  22.933  33.902  51.779  23.140  32.900  52.155  21.643  34.434  52.409
  21.543  35.488  52.150  20.807  33.876  51.986  21.579  34.277  53.929  21.661
  33.216  54.162  22.402  34.810  54.405  20.242  34.830  54.451  20.378  35.878
  54.720  19.485  34.783  53.668  19.744  34.082  55.616  19.777  34.575  56.497
  19.276  32.844  55.609  19.222  32.149  54.501  19.515  32.595  53.644  18.876
  31.200  54.484  18.887  32.262  56.707  18.908  32.773  57.578  18.520  31.321
  56.698  22.783  33.836  50.264  22.942  34.864  49.612  22.314  32.712  49.732
  22.185  31.916  50.340  22.206  32.474  48.294  22.278  33.429  47.774  23.364
  31.605  47.807  23.287  30.606  48.236  23.274  31.530  46.724  24.723  32.166
  48.137  25.299  33.126  47.290  24.787  33.446  46.395  26.548  33.675  47.607
  27.000  34.399  46.946  27.214  33.273  48.775  28.184  33.693  48.997  26.638
  32.312  49.627  27.167  31.995  50.514  25.389  31.756  49.306  24.940  31.018
  49.954  20.871  31.853  47.898  20.174  31.242  48.720  20.472  32.089  46.654
  21.089  32.611  46.048  19.242  31.580  46.048  18.411  31.732  46.737  18.942
  32.335  44.759  19.793  32.286  44.080  18.076  31.889  44.270  18.638  33.660
  45.115  18.589  34.155  44.294  19.298  30.103  45.705  18.313  29.402  45.928
  20.425  29.613  45.193  21.181  30.259  45.015  20.623  28.218  44.820  19.692
  27.679  44.993  20.989  28.092  43.341  22.017  28.425  43.204  20.922  27.038
  43.070  20.082  28.904  42.410  19.039  28.768  42.699  20.339  29.961  42.484
  20.243  28.456  40.962  19.798  27.469  40.837  19.689  29.159  40.339  21.655
  28.399  40.543  22.359  28.151  41.223  22.082  28.661  39.326  21.247  29.077
  38.408  20.251  29.123  38.567  21.586  29.256  37.474  23.350  28.506  39.067
  24.024  28.148  39.730  23.665  28.682  38.124  21.696  27.579  45.675  22.647
  28.224  46.107  21.589  26.267  45.837  20.814  25.770  45.423  22.588  25.512
  46.593  22.694  25.972  47.576  22.122  24.073  46.772  22.862  23.535  47.364
  21.160  24.055  47.285  21.973  23.470  45.507  21.734  22.550  45.640  23.961
  25.526  45.917  24.972  25.544  46.615  24.006  25.594  44.577  23.133  25.615
  44.070  25.266  25.621  43.826  25.845  24.729  44.066  25.000  25.674  42.312
  24.440  26.575  42.064  25.962  25.707  41.801  24.482  24.794  41.928  26.094
  26.857  44.191  27.320  26.800  44.282  25.401  27.978  44.414  24.392  27.937
  44.427  26.031  29.245  44.763  26.807  29.469  44.032  24.998  30.374  44.765
  24.256  30.145  45.530  25.515  31.300  45.018  24.281  30.575  43.430  25.026
  30.771  42.659  23.756  29.659  43.159  23.269  31.723  43.514  22.280  31.574
  44.280  23.469  32.699  42.767  26.670  29.168  46.149  27.763  29.695  46.347
  26.038  28.443  47.083  25.181  27.970  46.833  26.600  28.228  48.410  26.895
  29.203  48.797  25.548  27.608  49.347  24.723  28.316  49.430  25.177  26.686
  48.900  26.080  27.268  50.757  26.858  26.507  50.689  26.650  28.501  51.460
  25.885  29.273  51.534  27.006  28.220  52.451  27.499  28.887  50.895  24.956
  26.697  51.622  24.583  25.782  51.163  25.339  26.452  52.612  24.158  27.429
  51.741  27.855  27.368  48.327  28.863  27.700  48.933  27.829  26.292  47.547
  26.972  26.060  47.065  28.979  25.399  47.408  29.278  25.055  48.398  28.608
  24.182  46.553  28.323  24.512  45.554  29.781  23.213  46.451  30.070  22.886
  47.450  29.505  22.354  45.839  30.631  23.707  45.981  27.529  23.491  47.148
  27.314  22.740  46.590  30.178  26.121  46.798  31.311  25.935  47.245  29.954
  26.972  45.793  29.007  27.093  45.462  31.018  27.767  45.190  31.828  27.093
  44.909  30.468  28.472  43.952  30.031  27.728  43.286  29.685  29.160  44.269
  31.560  29.242  43.196  31.984  30.019  43.833  32.352  28.559  42.888  30.967
  29.899  41.959  31.771  30.319  41.354  30.434  29.158  41.364  30.044  30.971
  42.334  29.798  31.093  43.306  29.521  31.820  41.487  29.768  31.738  40.204
  30.380  31.037  39.812  29.361  32.390  39.549  28.734  32.729  41.972  28.513
  32.835  42.951  28.321  33.371  41.310  31.583  28.767  46.193  32.798  28.840
  46.308  30.717  29.470  46.924  29.730  29.328  46.763  31.098  30.449  47.949
  31.725  31.224  47.506  29.839  31.093  48.547  29.470  31.830  47.834  29.067
  30.338  48.695  30.089  31.802  49.860  30.642  33.061  49.946  30.798  33.350
  51.228  31.213  34.289  51.562  30.343  32.333  51.985  30.336  32.299  52.995
  29.907  31.334  51.136  29.532  30.362  51.419  31.895  29.810  49.073  32.909
  30.331  49.503  31.479  28.632  49.529  30.630  28.260  49.127  32.124  27.891
  50.617  32.016  28.458  51.541  31.438  26.511  50.744  31.154  26.166  49.750
  32.367  25.438  51.334  32.719  25.766  52.312  31.842  24.486  51.422  33.236
  25.294  50.692  30.145  26.627  51.572  29.522  27.424  51.167  29.601  25.687
  51.487  30.369  26.940  53.055  30.891  27.890  53.166  29.401  27.002  53.553
  30.955  26.150  53.526  33.631  27.749  50.406  34.388  27.744  51.375  34.078
  27.639  49.154  33.393  27.667  48.412  35.496  27.528  48.814  35.895  26.639
  49.301  35.657  27.420  47.299  35.032  28.163  46.802  36.696  27.642  47.056
  35.323  26.019  46.788  35.869  25.284  47.380  34.256  25.828  46.895  35.748
  25.880  45.321  36.519  26.615  45.089  36.189  24.894  45.174  34.609  26.056
  44.404  34.447  26.995  44.069  33.804  25.091  43.995  33.975  23.853  44.395
  34.720  23.663  45.050  33.344  23.124  44.096  32.821  25.356  43.177  32.683
  26.294  42.828  32.208  24.618  42.862  36.373  28.674  49.314  37.557  28.421
  49.526  35.844  29.875  49.548  34.859  30.035  49.390  36.639  30.960  50.139
  37.558  31.047  49.560  35.902  32.322  50.090  36.648  33.088  50.302  35.319
  32.612  48.696  34.560  31.876  48.431  34.851  33.597  48.673  36.112  32.612
  47.948  34.807  32.434  51.175  33.985  31.760  50.937  35.209  32.156  52.150
  34.265  33.848  51.357  33.806  34.208  50.436  33.513  33.830  52.146  35.080
  34.509  51.649  37.030  30.606  51.579  38.079  31.019  52.057  36.178  29.832
  52.263  35.325  29.552  51.800  36.364  29.425  53.652  36.882  30.225  54.181
  34.998  29.188  54.324  34.456  28.384  53.826  35.192  28.875  55.349  34.141
  30.428  54.385  34.553  31.590  55.023  33.550  32.459  54.913  33.599  33.468
  55.295  32.511  31.901  54.264  31.646  32.370  54.035  32.863  30.610  53.923
  32.252  29.888  53.402  37.239  28.185  53.771  38.092  28.097  54.650  37.045
  27.206  52.887  36.314  27.312  52.198  37.832  25.966  52.910  38.012  25.694
  53.950  37.083  24.814  52.231  37.658  23.899  52.372  35.696  24.614  52.841
  35.094  25.515  52.724  35.188  23.772  52.371  35.804  24.414  53.907  36.945
  25.042  50.841  36.445  24.309  50.473  39.202  26.129  52.266  40.072  25.281
  52.462  39.399  27.186  51.474  38.624  27.811  51.306  40.643  27.453  50.763
  40.621  28.481  50.401  41.468  27.325  51.464  40.868  26.523  49.568  41.941
  26.524  48.967  39.870  25.706  49.221  39.007  25.784  49.741  39.933  24.769
  48.113  40.859  24.200  48.205  38.745  23.806  48.221  38.833  23.261  49.161
  37.832  24.399  48.261  38.610  22.808  47.057  37.645  22.310  47.151  38.624
  23.342  46.106  39.683  21.724  47.045  40.192  21.359  46.001  40.063  21.203
  48.194  40.778  20.489  48.175  39.637  21.522  49.052  39.962  25.503  46.774
  39.099  26.328  46.471  40.915  25.105  45.930  41.564  24.400  46.251  41.115
  25.641  44.584  40.245  26.227  44.288  42.307  26.590  44.571  43.189  26.049
  44.911  42.457  26.914  43.542  42.087  27.824  45.453  41.191  28.352  45.128
  41.966  27.519  46.492  43.300  28.746  45.342  44.163  28.250  45.786  43.495
  28.958  44.290  43.018  30.054  46.076  42.122  30.505  45.649  42.814  29.833
  47.124  44.146  31.002  45.959  44.296  31.245  44.991  43.907  31.865  46.426
  44.988  30.615  46.363  41.290  24.486  43.591  42.416  24.058  43.344  40.174
  23.957  43.063  38.828  24.419  43.351  38.563  25.178  42.615  38.718  24.823
  44.358  37.958  23.187  43.208  36.919  23.453  43.017  38.052  22.566  44.099
  38.626  22.473  42.038  38.291  22.921  41.102  38.400  21.406  42.057  40.125
  22.745  42.238  40.570  21.916  42.790  40.833  22.841  40.879  41.181  21.810
  40.304  41.016  24.043  40.328  40.674  24.865  40.806  41.555  24.217  38.979
  41.587  23.248  38.480  40.622  25.106  38.154  40.741  26.149  38.445  40.873
  24.969  37.102  39.174  24.724  38.282  38.649  23.748  37.421  39.277  23.324
  36.651  37.318  23.330  37.567  36.908  22.596  36.890  36.518  23.894  38.578
  35.484  23.599  38.675  37.047  24.872  39.440  36.434  25.311  40.213  38.377
  25.292  39.289  38.791  26.041  39.948  42.990  24.724  38.999  43.300  25.699
  39.671  43.878  24.066  38.260  43.571  23.258  37.736  45.292  24.426  38.195
  45.478  25.277  38.850  46.124  23.244  38.707  45.777  22.994  39.710  45.949
  22.385  38.060  47.630  23.545  38.752  48.020  23.602  37.735  47.779  24.511
  39.235  48.429  22.485  39.510  48.079  21.319  39.561  49.536  22.852  40.118
  50.063  22.169  40.643  49.787  23.830  40.122  45.700  24.856  36.789  45.344
  24.216  35.801  46.485  25.928  36.701  46.764  26.390  37.555  47.036  26.398
  35.442  46.243  26.396  34.694  47.586  27.821  35.599  46.780  28.488  35.905
  48.374  27.822  36.351  48.279  28.414  34.033  48.626  29.618  34.498  48.114
  25.436  34.973  49.126  25.259  35.648  47.923  24.877  33.778  47.064  25.090
  33.292  48.884  23.967  33.148  49.032  23.105  33.797  48.283  23.521  31.811
  47.241  23.255  31.985  48.306  24.359  31.115  48.986  22.324  31.158  49.975
  22.619  30.806  49.083  21.512  31.878  48.126  21.862  29.975  47.153  21.555
  30.358  47.958  22.708  29.308  48.747  20.758  29.218  49.532  21.003  28.632
  48.385  19.485  29.260  47.427  19.080  30.058  46.949  19.775  30.613  47.151
  18.109  30.101  48.971  18.607  28.491  49.702  18.902  27.860  48.732  17.626
  28.536  50.255  24.618  32.973  51.249  23.910  32.953  50.291  25.947  32.838
  49.406  26.431  32.771  51.522  26.690  32.575  52.198  26.017  32.048  51.274
  27.912  31.662  50.497  28.552  32.080  52.563  28.740  31.546  53.356  28.115
  31.134  52.405  29.599  30.895  52.876  29.124  32.516  50.864  27.468  30.246
  51.078  28.277  29.547  51.462  26.604  29.957  49.376  27.128  30.104  48.777
  28.003  30.357  49.177  26.832  29.074  49.097  26.298  30.754  52.273  27.063
  33.848  53.423  26.666  34.006  51.681  27.880  34.727  50.750  28.225  34.542
  52.400  28.360  35.911  53.471  28.255  35.739  52.107  29.842  36.142  52.777
  30.190  36.928  52.304  30.409  35.232  50.391  30.094  36.671  50.548  31.401
  36.902  52.143  27.555  37.180  52.749  27.867  38.198  51.246  26.566  37.141
  50.739  26.410  36.282  50.885  25.713  38.279  50.221  24.936  37.900  52.125
  25.020  38.874  52.791  25.766  39.307  51.818  24.362  39.687  52.902  24.211
  37.836  53.359  24.891  37.117  53.704  23.685  38.353  51.885  23.012  36.936
  52.045  21.612  38.063  51.710  21.888  39.063  51.447  20.783  37.685  53.095
  21.322  38.104  50.081  26.396  39.375  49.753  25.743  40.364  49.707  27.669
  39.213  49.977  28.152  38.368  48.862  28.347  40.195  49.311  28.185  41.175
  48.814  29.845  39.900  49.836  30.225  39.903  48.378  29.990  38.912  47.985
  30.617  40.938  46.952  30.269  40.921  48.410  30.456  41.928  48.000  32.108
  40.612  49.040  32.431  40.562  47.535  32.262  39.639  47.289  32.917  41.620
  46.558  32.467  42.152  47.459  34.221  41.793  48.308  34.893  41.052  48.786
  34.399  40.313  48.394  35.895  41.145  46.822  34.862  42.736  46.095  34.407
  43.269  46.891  35.864  42.840  47.471  27.729  40.203  46.941  27.383  39.145
  46.890  27.608  41.390  47.394  27.905  42.214  45.542  27.086  41.562  45.292
  26.488  40.686  45.502  26.175  42.792  45.640  26.781  43.687  44.535  25.675
  42.845  46.588  25.123  42.752  47.627  25.276  43.370  46.381  24.077  41.985
  47.088  23.355  42.003  45.500  23.965  41.504  44.511  28.211  41.669  44.810
  29.286  42.191  43.282  27.917  41.264  43.120  27.000  40.872  42.158  28.835
  41.222  42.394  29.694  41.850  41.925  29.326  39.790  41.708  28.471  39.150
  41.055  29.982  39.779  43.097  30.078  39.212  44.123  29.376  38.554  44.053
  28.303  38.451  45.237  30.069  38.050  46.026  29.533  37.544  45.314  31.465
  38.204  46.152  32.018  37.807  44.283  32.164  38.851  44.328  33.239  38.943
  43.176  31.472  39.361  42.391  32.019  39.862  40.896  28.177  41.763  40.670
  26.970  41.625  40.067  28.988  42.407  40.276  29.976  42.447  38.791  28.547
  42.969  38.943  27.630  43.539  38.254  29.617  43.912  37.283  29.309  44.301
  38.949  29.769  44.737  38.127  30.792  43.158  37.766  31.474  43.730  37.751
  28.245  41.892  36.849  27.442  42.149  37.875  28.828  40.691  38.610  29.510
  40.565  36.887  28.689  39.618  36.264  27.820  39.830  35.998  29.932  39.591
  36.629  30.819  39.536  35.377  29.873  38.697  35.066  30.035  40.805  34.219
  29.366  40.656  35.586  29.749  41.720  34.561  31.458  41.011  33.805  31.434
  41.795  35.385  32.087  41.350  33.978  32.041  39.796  34.281  31.713  38.890
  33.159  33.064  39.781  32.762  33.579  40.909  33.163  33.280  41.787  32.157
  34.386  40.864  32.701  33.530  38.663  33.060  33.190  37.782  32.107  34.345
  38.608  37.489  28.449  38.238  38.598  28.884  37.936  36.729  27.722  37.424
  35.819  27.430  37.752  37.094  27.354  36.053  38.097  26.928  36.057  36.107
  26.315  35.522  36.419  26.026  34.518  36.102  25.442  36.174  34.805  26.858
  35.492  34.202  26.252  35.056  37.106  28.534  35.084  38.029  28.636  34.282
  36.132  29.436  35.163  35.368  29.291  35.806  36.079  30.618  34.310  36.196
  30.288  33.278  34.731  31.347  34.445  34.765  32.209  33.778  33.954  30.682
  34.068  34.336  31.801  35.872  34.700  31.133  36.868  33.589  32.795  36.012
  37.237  31.573  34.606  37.833  32.122  33.677  37.640  31.683  35.876  37.101
  31.222  36.594  38.793  32.503  36.253  38.714  33.451  35.720  38.787  32.790
  37.763  38.737  31.852  38.316  39.709  33.311  38.021  37.627  33.660  38.158
  36.972  34.494  37.257  36.040  35.141  37.950  35.359  35.866  37.530  36.090
  34.754  39.229  35.514  35.156  39.955  37.092  33.835  39.403  37.385  33.384
  40.339  40.104  31.879  35.804  41.050  32.582  35.465  40.162  30.547  35.729
  39.332  30.016  35.949  41.320  29.872  35.161  42.206  30.263  35.661  41.221
  28.364  35.420  41.311  28.197  36.493  40.240  28.014  35.097  42.294  27.554
  34.666  42.247  27.751  33.595  43.696  27.875  35.181  43.752  27.664  36.249
  44.422  27.281  34.626  43.906  28.932  35.018  42.046  26.066  34.862  41.058
  25.823  34.472  42.785  25.479  34.315  42.138  25.848  35.926  41.425  30.178
  33.665  42.510  30.439  33.156  40.303  30.132  32.956  39.444  29.895  33.432
  40.243  30.386  31.518  40.860  29.651  31.002  38.803  30.260  31.013  38.136
  30.870  31.624  38.675  30.691  29.551  39.331  30.080  28.931  37.641  30.593
  29.219  38.955  31.739  29.443  38.444  28.902  31.097  37.512  28.837  30.879
  40.793  31.757  31.171  41.620  31.871  30.265  40.351  32.802  31.865  39.660
  32.678  32.591  40.836  34.154  31.603  40.885  34.286  30.522  39.884  35.213
  32.169  40.266  36.201  31.912  38.489  35.043  31.562  38.084  34.064  31.820
  37.812  35.806  31.947  38.552  35.118  30.476  39.786  35.104  33.564  39.173
  35.760  33.904  42.259  34.337  32.109  43.032  35.008  31.429  42.663  33.642
  33.177  41.991  33.088  33.688  44.039  33.685  33.666  44.290  34.721  33.895
  44.208  32.822  34.924  43.791  33.353  35.780  43.673  31.881  34.798  45.665
  32.531  35.206  46.556  33.476  35.677  47.761  32.931  35.691  48.635  33.473
  36.021  47.689  31.655  35.268  48.468  31.015  35.198  46.373  31.390  34.932
  45.973  30.485  34.499  45.004  33.166  32.608  46.067  33.723  32.375  44.662
  32.067  31.938  43.801  31.609  32.201  45.549  31.459  30.944  46.501  31.258
  31.435  44.959  30.133  30.422  43.913  30.280  30.153  45.725  29.646  29.176
  46.778  29.518  29.430  45.310  28.716  28.787  45.639  30.374  28.369  45.057
  29.090  31.553  46.102  28.990  31.848  44.499  29.438  32.422  44.520  27.708
  31.170  45.098  27.289  30.346  44.612  27.038  32.025  43.473  27.792  30.879
  45.883  32.427  29.807  46.990  32.369  29.271  44.983  33.345  29.454  44.107
  33.371  29.956  45.243  34.350  28.415  45.499  33.831  27.491  44.002  35.206
  28.186  43.667  35.633  29.131  44.264  36.018  27.508  42.886  34.370  27.566
  43.261  33.866  26.675  42.555  33.622  28.286  41.704  35.256  27.186  41.409
  35.841  28.057  42.000  35.936  26.388  40.594  34.417  26.723  40.837  33.708
  26.046  39.332  34.486  27.102  38.899  35.436  27.887  39.561  36.151  28.154
  37.925  35.519  28.142  38.479  33.593  26.692  38.811  32.828  26.123  37.507
  33.634  26.963  46.417  35.269  28.730  47.043  35.784  27.806  46.768  35.429
  30.003  46.249  34.942  30.720  47.932  36.213  30.429  47.864  37.193  29.957
  47.954  36.412  31.954  48.695  37.175  32.193  46.593  36.873  32.487  45.800
  36.159  32.263  46.641  37.021  33.566  46.327  37.814  32.006  48.408  35.249
  32.611  48.159  35.325  33.535  49.238  35.551  29.991  50.262  36.229  29.866
  49.199  34.233  29.755  48.312  33.768  29.890  50.312  33.423  29.280  51.241
  33.856  29.652  50.177  31.981  29.804  49.226  31.546  29.497  50.970  31.388
  29.350  50.333  31.881  31.298  51.471  32.323  31.961  51.271  32.083  33.253
  51.978  32.359  34.022  50.096  31.460  33.441  49.711  31.213  34.342  49.478
  31.328  32.213  48.506  30.900  32.015  50.384  33.404  27.761  51.454  33.561
  27.182  49.245  33.172  27.113  48.406  33.027  27.657  49.154  33.018  25.655
  50.039  32.491  25.301  47.912  32.210  25.270  47.828  32.175  24.183  48.003
  30.784  25.810  48.064  30.793  26.898  47.128  30.213  25.500  48.897  30.311
  25.403  46.767  32.828  25.798  46.004  32.311  25.529  49.130  34.338  24.902
  49.481  34.361  23.727  48.746  35.444  25.542  48.388  35.358  26.482  48.614
  36.737  24.876  48.560  37.514  25.639  49.487  36.883  24.240  47.361  36.831
  24.004  47.235  37.729  23.169  46.434  35.896  24.190  46.589  35.219  24.922
  45.161  35.847  23.501  45.342  35.962  22.432  44.551  34.469  23.747  45.190
  33.735  23.256  44.552  34.285  24.821  43.117  34.317  23.231  42.495  35.083
  23.693  43.114  34.475  22.152  42.551  32.935  23.592  43.320  31.951  23.496
  41.394  32.903  24.079  44.252  36.977  23.978  44.024  37.167  25.172  43.706
  37.728  23.017  43.946  37.514  22.059  42.812  38.858  23.284  42.437  38.794
  24.305  43.569  40.169  23.186  44.009  40.242  22.192  42.843  40.967  23.341
  44.653  40.302  24.250  44.194  40.350  25.237  45.337  39.455  24.201  45.436
  41.578  23.976  45.962  41.471  23.028  44.756  42.429  23.934  46.442  41.785
  25.096  45.904  41.933  26.032  47.047  40.885  25.201  47.287  42.953  24.796
  46.702  43.773  24.715  47.939  43.097  25.553  47.786  42.795  23.933  41.611
  38.839  22.343  41.665  39.463  21.279  40.552  38.111  22.721  40.491  37.274
  23.909  39.977  37.818  24.702  41.470  36.950  24.263  39.692  36.063  23.472
  39.250  35.547  24.325  40.336  35.395  22.900  38.653  36.693  22.543  37.812
  37.058  23.133  38.313  35.972  21.799  39.376  37.879  21.885  39.704  37.590
  20.887  38.437  39.089  21.740  37.578  39.079  20.863  38.569  40.134  22.568
  39.274  40.100  23.291  37.623  41.257  22.576  36.795  41.025  21.905  37.037
  41.470  23.973  37.793  41.892  24.634  36.215  42.182  23.898  36.518  40.209
  24.601  35.199  39.800  24.349  34.554  40.383  23.709  34.726  38.613  24.925
  33.710  38.292  24.748  35.571  37.835  25.735  35.192  36.924  26.175  36.895
  38.240  25.973  37.547  37.640  26.591  37.369  39.432  25.406  38.387  39.744
  25.583  38.247  42.546  22.077  39.121  43.110  22.731  37.760  43.057  20.952
  37.016  42.573  20.470  38.240  44.311  20.390  39.144  44.605  20.924  38.616
  44.098  18.927  37.728  43.827  18.356  39.035  45.021  18.526  39.352  43.298
  18.845  37.230  45.445  20.569  36.020  45.240  20.540  37.742  46.657  20.768
  38.748  46.738  20.803  36.927  47.859  20.823  36.121  47.696  21.539  37.798
  49.038  21.287  38.156  48.841  22.298  38.650  49.138  20.616  36.871  50.596
  21.276  37.883  51.355  21.705  36.322  48.110  19.441  37.063  48.169  18.460
  35.016  48.351  19.368  34.441  48.272  20.195  34.353  48.629  18.085  34.575
  47.827  17.381  32.840  48.712  18.294  32.650  49.346  19.160  32.395  49.189
  17.421  32.172  47.354  18.497  32.766  46.339  18.063  31.095  47.366  19.132
  34.821  49.943  17.456  34.779  50.127  16.239  35.270  50.880  18.294  35.197
  50.686  19.283  35.671  52.210  17.848  35.119  52.438  16.935  35.285  53.259
  18.907  35.650  52.935  19.882  35.895  54.631  18.580  35.537  54.963  17.606
  35.614  55.365  19.335  36.984  54.581  18.569  33.748  53.360  18.949  33.400
  53.812  18.020  33.313  52.364  19.025  33.224  54.179  20.130  33.594  55.203
  20.080  32.135  54.203  20.086  33.539  53.716  21.065  37.132  52.282  17.428
  37.397  52.819  16.356  38.070  51.771  18.234  37.787  51.342  19.104  39.498
  51.888  17.916  39.607  52.446  16.986  40.203  52.691  19.013  41.207  52.923
  18.658  39.669  53.626  19.178  40.317  51.767  20.571  41.035  52.712  21.185
  40.205  50.566  17.627  41.387  50.567  17.299  39.524  49.432  17.774  38.545
  49.457  18.020  40.105  48.127  17.481  39.299  47.399  17.388  40.641  48.203
  16.535  41.094  47.625  18.532  41.688  46.563  18.352  41.295  48.349  19.643
  40.823  49.235  19.749  42.169  47.874  20.713  43.140  47.656  20.270  42.327
  48.963  21.771  42.809  49.824  21.309  41.352  49.241  22.171  43.199  48.464
  22.910  42.626  47.797  23.555  44.030  47.917  22.464  43.727  49.640  23.730
  44.505  50.153  23.163  42.908  50.337  23.908  44.273  49.228  25.027  44.026
  49.802  25.821  45.098  48.230  25.282  45.504  47.365  24.380  45.183  47.489
  23.430  46.080  46.582  24.656  45.545  48.119  26.485  45.232  48.679  27.265
  46.038  47.296  26.800  41.619  46.579  21.296  40.431  46.514  21.602  42.485
  45.575  21.437  43.442  45.728  21.154  42.109  44.253  21.948  41.037  44.116
  21.808  42.845  43.162  21.174  43.899  43.430  21.109  42.744  42.216  21.707
  42.264  42.960  19.777  41.262  42.540  19.865  42.220  43.915  19.253  43.153
  41.995  18.995  44.174  42.376  18.995  43.134  41.012  19.467  42.650  41.877
  17.560  41.792  41.204  17.542  42.312  42.855  17.219  43.721  41.379  16.677
  44.014  40.467  16.995  43.369  41.307  15.733  44.501  42.021  16.705  42.367
  44.092  23.437  43.330  44.651  23.962  41.574  43.226  24.047  40.835  42.798
  23.506  41.602  42.893  25.458  42.583  43.151  25.856  40.539  43.687  26.217
  39.546  43.388  25.883  40.632  43.438  27.274  40.676  45.177  26.057  41.529
  45.885  26.915  42.054  45.364  27.703  41.694  47.267  26.754  42.345  47.799
  27.432  41.008  47.938  25.727  41.142  49.003  25.607  40.153  47.228  24.862
  39.626  47.738  24.069  39.989  45.843  25.028  39.348  45.282  24.364  41.368
  41.407  25.675  40.699  40.741  24.877  41.948  40.900  26.756  42.437  41.516
  27.390  41.790  39.517  27.171  41.920  38.871  26.302  42.886  39.195  28.184
  42.773  39.820  29.069  42.805  38.149  28.479  43.870  39.370  27.747  40.398
  39.230  27.752  39.912  38.106  27.604  39.733  40.217  28.362  40.233  41.076
  28.543  38.414  40.067  28.985  38.006  39.101  28.691  38.529  40.095  30.517
  39.026  41.014  30.825  37.518  40.068  30.924  39.298  38.898  31.088  38.797
  37.988  30.758  40.305  38.895  30.672  39.422  38.837  32.621  38.814  38.010
  32.988  40.466  38.621  32.847  39.029  40.055  33.356  38.320  40.654  32.959
  39.434  40.371  34.571  40.304  39.618  35.183  40.631  38.758  34.765  40.571
  39.860  36.126  39.007  41.444  35.171  38.281  42.002  34.746  39.252  41.656
  36.128  37.409  41.109  28.515  37.733  42.251  28.186  36.149  40.704  28.466
  35.923  39.763  28.755  35.050  41.577  28.046  35.276  41.976  27.057  33.763
  40.770  27.973  32.943  41.407  27.641  33.879  39.926  27.293  33.517  40.331
  29.275  32.784  39.712  29.229  34.823  42.761  28.990  34.485  43.846  28.505
  35.062  42.611  30.296  35.289  41.696  30.659  34.930  43.701  31.259  33.988
  44.209  31.053  34.882  43.173  32.701  34.654  44.014  33.355  34.059  42.462
  32.774  36.183  42.490  33.157  36.504  41.406  32.623  36.928  43.050  33.989
  36.056  44.726  31.082  35.843  45.927  31.268  37.212  44.303  30.558  37.312
  43.326  30.320  38.281  45.228  30.209  38.466  45.877  31.065  39.564  44.487
  29.833  39.341  43.735  29.075  40.244  45.217  29.395  40.261  43.816  31.013
  40.504  44.579  31.753  39.587  43.091  31.469  41.538  43.130  30.520  41.415
  42.057  29.877  42.606  43.759  30.674  37.862  46.077  29.012  38.010  47.304
  29.010  37.271  45.435  27.995  37.141  44.438  28.081  36.775  46.133  26.816
  37.603  46.708  26.402  36.272  45.125  25.781  37.053  44.396  25.562  35.435
  44.588  26.226  35.848  45.824  24.471  35.463  46.825  24.669  36.716  45.922
  23.819  34.746  45.043  23.752  34.445  45.574  22.849  35.147  44.073  23.461
  33.567  44.895  24.627  33.275  45.708  25.150  32.920  43.769  24.872  33.171
  42.675  24.197  33.911  42.685  23.510  32.648  41.833  24.391  32.019  43.745
  25.814  31.874  44.541  26.418  31.497  42.904  26.011  35.673  47.104  27.226
  35.689  48.252  26.797  34.720  46.679  28.056  34.779  45.724  28.377  33.613
  47.511  28.540  33.039  47.859  27.680  32.716  46.659  29.445  32.366  45.798
  28.874  33.300  46.297  30.291  31.505  47.430  29.988  31.825  48.116  30.772
  31.038  47.999  29.184  30.498  46.432  30.564  30.129  45.786  29.767  31.002
  45.801  31.296  29.311  47.098  31.258  28.670  46.303  31.639  29.670  47.666
  32.116  28.528  47.958  30.341  28.163  47.382  29.596  27.730  48.329  30.837
  29.098  48.692  29.948  34.112  48.740  29.290  33.596  49.841  29.067  35.111
  48.585  30.160  35.468  47.656  30.332  35.716  49.701  30.884  34.924  50.234
  31.410  36.714  49.152  31.910  36.219  48.402  32.527  37.543  48.676  31.386
  37.247  50.265  32.823  37.769  51.016  32.230  36.411  50.737  33.340  38.211
  49.719  33.869  38.504  50.532  34.534  37.712  48.953  34.462  39.418  49.154
  33.253  39.465  49.070  32.248  40.444  48.705  33.939  40.462  48.748  35.248
  39.672  49.104  35.766  41.239  48.370  35.772  41.449  48.221  33.274  41.472
  48.113  32.270  42.213  47.828  33.805  36.378  50.666  29.906  36.239  51.874
  30.076  37.013  50.140  28.857  37.069  49.133  28.794  37.680  50.922  27.825
  38.251  51.712  28.313  38.637  50.048  27.008  39.536  49.906  27.608  38.195
  49.070  26.815  39.065  50.674  25.700  40.172  51.505  25.578  40.220  51.882
  24.301  40.985  52.533  23.904  39.212  51.328  23.605  39.073  51.423  22.610
  38.460  50.568  24.475  37.561  50.016  24.245  36.723  51.640  26.899  36.918
  52.813  26.689  35.681  51.033  26.345  35.544  50.048  26.522  34.872  51.699
  25.304  35.513  51.923  24.451  33.735  50.787  24.841  33.041  50.627  25.666
  32.988  51.392  23.657  33.689  51.553  22.839  32.181  50.732  23.339  32.550
  52.350  23.937  34.267  49.554  24.408  33.539  48.990  24.138  34.296  53.034
  25.780  34.140  53.968  24.998  34.054  53.143  27.086  34.318  52.353  27.656
  33.570  54.344  27.763  32.560  54.563  27.414  33.581  54.042  29.257  33.780
  52.979  29.396  34.393  54.596  29.727  32.272  54.399  29.962  32.014  55.440
  29.770  31.470  53.759  29.596  32.464  54.188  31.469  33.255  54.857  31.808
  31.546  54.449  31.994  32.869  52.745  31.801  33.794  52.515  31.272  33.079
  52.670  32.868  31.816  51.786  31.397  31.652  51.867  30.404  32.104  50.837
  31.588  30.959  51.990  31.891  34.423  55.590  27.513  33.872  56.680  27.419
  35.743  55.440  27.403  36.143  54.516  27.489  36.659  56.572  27.212  36.466
  57.306  27.994  38.135  56.130  27.298  38.731  57.040  27.361  38.392  55.323
  28.587  37.813  54.399  28.580  39.449  55.078  28.688  38.111  55.923  29.452
  38.589  55.392  26.014  38.020  54.478  25.848  38.410  56.022  25.143  40.077
  55.057  26.018  40.322  54.403  26.855  40.319  54.544  25.087  40.648  55.983
  26.090  36.413  57.306  25.899  36.798  58.448  25.771  35.770  56.683  24.911
  35.463  55.729  25.035  35.474  57.372  23.654  36.353  57.952  23.373  35.173
  56.346  22.564  34.319  55.738  22.862  34.918  56.889  21.654  36.365  55.484
  22.258  37.569  55.999  21.791  38.388  54.961  21.643  39.409  55.065  21.305
  37.761  53.814  21.962  38.169  52.890  21.927  36.476  54.124  22.357  35.707
  53.439  22.680  34.337  58.383  23.763  34.065  59.106  22.807  33.636  58.393
  24.899  33.961  57.816  25.661  32.714  59.464  25.220  32.135  59.718  24.332
  31.783  59.036  26.363  32.408  58.796  27.224  31.166  59.895  26.627  30.866
  57.837  26.080  31.458  56.975  25.775  30.112  57.477  27.364  29.520  58.329
  27.696  29.456  56.625  27.188  30.831  57.227  28.144  29.855  58.159  24.979
  30.384  58.377  24.051  29.206  57.299  24.810  29.252  59.020  25.265  33.537
  60.671  25.664  33.281  61.781  25.196  34.485  60.406  26.588  34.577  59.439
  26.867  35.493  61.354  27.092  36.005  61.792  26.235  34.733  62.456  27.873
  33.910  62.845  27.273  34.289  62.038  28.777  35.651  63.636  28.210  36.672
  63.423  27.894  35.327  64.487  27.611  35.608  64.042  29.705  36.175  64.966
  29.816  34.563  64.216  29.961  36.170  63.081  30.685  35.525  62.394  31.048
  37.463  62.780  30.844  38.394  63.359  30.115  38.043  63.883  29.326  39.308
  62.932  30.067  37.832  61.806  31.646  37.113  61.279  32.121  38.776  61.449
  31.611  36.693  60.780  27.887  37.763  60.473  27.346  36.778  61.058  29.077
